       count       mean       std        min        25%        50%        75%  \
hist                                                                            
1     2160.0  69.348712  3.710241  60.420833  66.840208  69.138750  71.481042   
2     2160.0  69.464515  3.610984  59.695000  66.822083  69.309167  71.828750   
3     2160.0  69.152618  3.536640  60.031667  66.536875  68.925417  71.421042   
4     2140.0  68.974554  3.482182  60.422500  66.379792  68.663333  71.242708   
5     1952.0  68.958177  3.472267  60.234167  66.521042  68.730417  71.193958   
6     1920.0  68.725465  3.547235  60.085833  66.084792  68.478333  70.985417   
7     2018.0  68.853549  3.492186  60.072500  66.313750  68.654583  71.111458   

             max  
hist              
1     117.680000  
2      91.606667  
3      98.866667  
4      81.489167  
5      91.396667  
6      88.283333  
7      84.167500  