       count       mean        std        min        25%        50%  \
hist                                                                  
1     1944.0  63.340138  10.357642  42.874167  54.258542  65.055081   
2     1944.0  63.179648  10.277699  41.909925  54.033750  65.043472   
3     1944.0  63.095474  10.384162  43.053333  54.035625  63.869534   
4     1927.0  63.158318  10.443462  41.883272  54.123750  63.533110   
5     1760.0  62.948967  10.515960  41.441667  53.607428  62.971667   
6     1728.0  62.256414  10.331615  40.963211  53.095625  62.825727   
7     1812.0  62.508341  10.060738  42.206897  53.636042  63.305417   

            75%         max  
hist                         
1     72.061767  182.928333  
2     72.413305   91.907500  
3     72.005836  157.544839  
4     72.635105   88.084448  
5     72.214701  156.058333  
6     71.260426  168.817500  
7     71.497931  115.412500  