       count       mean       std        min        25%        50%        75%  \
hist                                                                            
1     1944.0  63.103262  9.414950  47.597464  55.422757  67.251877  72.407200   
2     1944.0  63.010905  9.622083  47.065010  55.279184  66.231293  72.790448   
3     1944.0  62.845625  9.679509  47.091800  55.074965  64.805234  73.008299   
4     1927.0  62.843269  9.753671  47.711092  54.738766  65.411737  72.619547   
5     1760.0  62.670817  9.556833  47.584415  54.642896  61.577076  72.249141   
6     1728.0  62.205829  9.493900  47.902225  54.360311  61.074146  71.921673   
7     1812.0  62.479240  9.504054  47.542085  54.639640  65.167927  71.931551   

            max  
hist             
1     75.730077  
2     76.220167  
3     76.048461  
4     76.168459  
5     75.791752  
6     75.934235  
7     75.544725  