       count      mean       std       min       25%       50%       75%  \
hist                                                                       
1     2160.0  0.009304  1.565288 -5.963413 -1.025609 -0.025822  0.946034   
2     2160.0  0.007186  1.548813 -7.928111 -1.039469 -0.037595  0.967320   
3     2160.0  0.003754  1.602167 -9.788841 -1.030087 -0.065149  0.971662   
4     2140.0  0.002428  1.643755 -6.591446 -1.075794 -0.045910  1.006603   
5     1952.0 -0.020456  1.519916 -5.215427 -1.012207 -0.041068  0.976848   
6     1920.0 -0.008620  1.475493 -4.928889 -1.013058 -0.041201  0.964921   
7     2018.0  0.013958  1.527726 -5.570774 -1.006326 -0.022783  0.948136   

            max  
hist             
1      6.352121  
2      6.833274  
3      7.778670  
4     11.043989  
5      8.231779  
6      8.570593  
7      7.010737  