       count        mean        std         min         25%         50%  \
hist                                                                      
1     2160.0  485.538124  39.845479  302.642571  458.199690  486.899624   
2     2160.0  485.104113  43.642943  288.685100  457.328807  485.890188   
3     2160.0  479.249742  50.726815  274.949990  455.098239  480.464069   
4     2140.0  475.506215  51.591697  262.817838  455.913393  478.564344   
5     1952.0  479.865656  38.381700  292.227299  459.257583  477.683648   
6     1920.0  476.939691  35.625692  407.184681  454.811744  473.861893   
7     2018.0  477.887408  36.651212  405.084425  453.395189  474.446712   

             75%         max  
hist                          
1     507.085777  596.081392  
2     509.873845  588.672888  
3     506.525630  587.736939  
4     500.341363  583.863027  
5     497.150638  609.215074  
6     493.181875  627.763210  
7     495.978552  615.937913  