       count      mean       std        min       25%       50%       75%  \
hist                                                                        
1     1944.0  0.002478  2.185514  -9.137852 -1.292890 -0.023750  1.241663   
2     1944.0  0.007500  1.909992  -7.214180 -1.274216  0.013576  1.199919   
3     1944.0  0.015526  1.940645  -5.682804 -1.260512 -0.043619  1.236182   
4     1927.0  0.008661  2.175574  -7.352882 -1.299658 -0.008351  1.241698   
5     1760.0 -0.010585  2.452401  -8.957841 -1.271542 -0.104390  1.138755   
6     1728.0 -0.009627  2.884774  -6.640675 -1.236244 -0.085828  1.099665   
7     1812.0 -0.037916  2.432379 -11.507609 -1.253027 -0.046959  1.120962   

            max  
hist             
1     37.468890  
2      8.223580  
3      7.580633  
4     35.719337  
5     64.025136  
6     92.241803  
7     63.694427  