       count      mean        std        min       25%       50%       75%  \
hist                                                                         
1     2160.0  0.160409  17.727033 -72.263668 -7.863308  0.010244  8.411315   
2     2160.0  0.176641  17.649001 -69.748764 -8.161201  0.085070  8.784944   
3     2160.0  0.082124  17.433804 -68.453702 -8.930793  0.271334  8.969419   
4     2140.0 -0.081429  16.702810 -59.696649 -8.706973 -0.000691  8.855292   
5     1952.0 -0.396995  15.483833 -58.467299 -7.998584 -0.082903  7.909688   
6     1920.0 -0.189783  14.622899 -62.774506 -6.929108  0.111465  7.535719   
7     2018.0 -0.078372  15.066832 -67.371146 -7.231576 -0.178207  7.350398   

             max  
hist              
1     270.777788  
2     229.901962  
3     190.084249  
4     151.677303  
5     123.910308  
6     162.238791  
7     188.164966  