       count       mean       std        min        25%        50%        75%  \
hist                                                                            
1     2160.0  69.148937  2.134847  64.471685  67.866806  69.321036  70.580401   
2     2160.0  69.242335  2.095994  64.734865  67.799449  69.460508  70.710127   
3     2160.0  69.039949  2.107288  64.598055  67.330442  69.363072  70.356060   
4     2140.0  68.865616  2.179130  62.474978  67.090241  69.049671  70.327954   
5     1952.0  68.848378  2.153338  63.958825  67.191745  69.028662  70.232967   
6     1920.0  68.616580  2.032975  63.667720  67.263350  68.843699  70.168870   
7     2018.0  68.745398  2.140204  63.572398  67.174181  69.112412  70.167431   

            max  
hist             
1     74.280050  
2     74.028699  
3     73.745980  
4     74.797610  
5     74.697813  
6     73.413864  
7     73.507467  