       count        mean        std         min         25%         50%  \
hist                                                                      
1     2160.0  489.391559  50.001570  285.388333  457.890417  484.861667   
2     2160.0  487.976429  53.135604  267.464167  456.780625  484.311667   
3     2160.0  481.060215  59.025450  262.437500  453.555417  480.887917   
4     2140.0  476.891454  55.899117  253.853333  453.227500  477.497083   
5     1952.0  481.608096  48.619310  268.968333  453.502708  476.116667   
6     1920.0  476.215306  39.905441  383.809167  450.468333  472.085833   
7     2018.0  477.151301  40.371764  383.222500  449.843333  473.202083   

             75%         max  
hist                          
1     513.591458  888.545000  
2     513.374375  968.937343  
3     510.565417  824.915000  
4     505.710417  684.641667  
5     503.397708  811.905833  
6     495.654792  742.726667  
7     499.003958  720.008333  