ap-southeast-2
      count       mean       std        min        25%        50%        75%  \
hist                                                                           
1       9.0  71.352581  1.635166  68.776562  70.629201  71.220451  71.753056   
2       9.0  71.482619  1.641546  68.863507  70.618185  71.062118  72.823090   
3       9.0  71.263920  1.342571  70.137431  70.190243  70.536840  71.908299   
4       9.0  71.371995  1.787448  69.416979  70.118507  71.060521  71.385556   
5       9.0  71.033632  2.598672  67.184565  69.957951  70.730417  72.895764   
6       8.0  70.463076  1.535002  67.947604  69.444071  70.647326  71.351643   
7       8.0  70.523681  1.524565  68.698021  69.476094  70.376181  71.281398   

            max  
hist             
1     73.948333  
2     73.732951  
3     73.901146  
4     75.147431  
5     74.685903  
6     72.611786  
7     73.299514  

ap-south-1
      count       mean       std        min        25%        50%        75%  \
hist                                                                           
1       9.0  71.128091  1.498397  69.440000  69.777465  71.342951  72.666222   
2       9.0  71.484384  1.517385  69.117222  70.707882  71.893854  72.593723   
3       9.0  70.965933  1.762818  68.517743  69.984823  70.453542  72.249965   
4       9.0  70.637320  2.209618  68.089410  68.971354  70.018759  72.902535   
5       9.0  69.939194  2.158280  67.307361  68.063576  69.694549  70.878507   
6       8.0  70.142843  1.921483  67.836597  68.680885  69.752830  71.266832   
7       8.0  70.857426  1.496287  69.171389  69.564514  70.687274  71.805590   

            max  
hist             
1     72.923715  
2     73.620000  
3     73.949132  
4     74.183889  
5     73.498368  
6     73.008507  
7     73.203264  

ca-central-1
      count       mean       std        min        25%        50%        75%  \
hist                                                                           
1       9.0  68.603187  1.886847  66.289653  66.745590  69.007812  69.391528   
2       9.0  67.949539  1.554570  65.729722  66.866910  68.716076  69.140833   
3       9.0  67.906123  1.595893  65.607049  67.143264  67.347674  69.373785   
4       9.0  67.290134  1.759081  64.166944  66.449306  67.226424  68.473160   
5       8.0  67.323825  1.931476  65.397847  65.775609  66.560115  69.276016   
6       8.0  68.548524  2.538779  65.541493  66.318785  68.979323  69.792604   
7       9.0  68.204929  1.768744  65.113160  66.624236  69.289757  69.579132   

            max  
hist             
1     71.744549  
2     69.850035  
3     70.165312  
4     70.118785  
5     69.819132  
6     73.031458  
7     69.819340  

ap-northeast-1
      count       mean       std        min        25%        50%        75%  \
hist                                                                           
1       9.0  69.216344  0.985424  67.843646  68.560382  69.428481  69.940590   
2       9.0  69.909691  0.968821  68.123264  69.634306  70.088718  70.321771   
3       9.0  69.677127  1.071578  68.071146  69.002188  69.602326  70.046493   
4       9.0  69.606958  0.824329  68.338125  69.223021  69.354757  70.289687   
5       9.0  69.371069  1.140076  67.597569  68.548507  69.660451  69.911736   
6       8.0  69.309249  1.435415  67.548993  68.381667  69.294688  69.857092   
7       8.0  68.719142  1.105175  66.971042  68.023932  68.791215  69.589635   

            max  
hist             
1     70.587778  
2     71.477083  
3     71.565486  
4     70.718472  
5     71.199444  
6     72.142743  
7     70.103865  

eu-central-1
      count       mean       std        min        25%        50%        75%  \
hist                                                                           
1       9.0  68.125286  0.739684  66.805000  67.803785  68.145694  68.218403   
2       9.0  68.889526  1.188728  67.010148  68.041354  68.758958  70.050521   
3       9.0  68.667874  0.938516  67.846146  68.170035  68.238542  68.546458   
4       9.0  68.230999  1.043604  66.613264  67.463854  68.228403  69.020486   
5       9.0  68.299033  1.157933  66.951875  67.413546  68.015799  68.943333   
6       8.0  68.030052  0.999215  66.469444  67.518984  68.004948  68.655851   
7       8.0  67.561085  1.168081  66.478750  66.769115  67.314358  67.844132   

            max  
hist             
1     69.439333  
2     70.404132  
3     70.399167  
4     69.952049  
5     70.459757  
6     69.567222  
7     70.028924  

eu-west-2
      count       mean       std        min        25%        50%        75%  \
hist                                                                           
1       9.0  67.276813  1.787200  65.741250  65.816064  66.810243  67.269259   
2       9.0  67.884442  1.753329  65.869410  66.759574  67.385625  68.672813   
3       9.0  67.130751  0.834565  65.647535  66.787882  67.142535  67.625382   
4       9.0  66.849658  0.420995  66.299965  66.451493  66.879896  67.219444   
5       9.0  66.719514  0.750106  65.390764  66.322361  66.707118  67.384201   
6       8.0  66.610613  0.856790  65.456250  65.912057  66.804953  67.144722   
7       8.0  67.171072  1.954877  65.496806  65.776493  66.309913  67.987153   

            max  
hist             
1     70.823160  
2     71.470347  
3     68.288056  
4     67.416632  
5     67.769965  
6     67.876007  
7     70.794792  

sa-east-1
      count       mean       std        min        25%        50%        75%  \
hist                                                                           
1       9.0  65.893632  0.959993  64.816354  64.937882  66.167743  66.768090   
2       9.0  65.861406  0.760501  64.782188  65.317396  66.055035  66.410278   
3       9.0  66.442614  0.885569  65.273993  65.716146  66.278507  66.846944   
4       9.0  66.029591  0.979140  64.333475  65.598924  65.831458  66.546771   
5       8.0  65.954518  0.965636  64.439826  65.487726  65.887014  66.415703   
6       8.0  65.358160  0.858655  64.125313  64.645929  65.527500  65.809384   
7       9.0  65.410443  0.803889  64.677326  64.893403  65.189201  65.443785   

            max  
hist             
1     67.077569  
2     67.087444  
3     68.205646  
4     67.405417  
5     67.736840  
6     66.787049  
7     67.193111  

us-east-1
      count       mean       std        min        25%        50%        75%  \
hist                                                                           
1       9.0  70.167246  1.236943  68.681812  69.293121  69.764965  71.309340   
2       9.0  70.825777  1.619257  68.747422  69.367535  70.864549  71.646285   
3       9.0  70.141042  1.239711  68.877708  69.182639  70.023125  70.461250   
4       9.0  70.572129  1.008894  68.805000  70.192604  70.493646  71.029722   
5       8.0  70.351719  0.951559  69.045320  69.874748  70.026111  70.926892   
6       8.0  69.687712  0.939642  68.161797  68.933030  69.867083  70.359384   
7       9.0  69.715207  1.188779  67.767743  69.001215  69.336181  70.745868   

            max  
hist             
1     72.116354  
2     73.601007  
3     72.866424  
4     72.539789  
5     71.814992  
6     70.791076  
7     71.606815  

us-west-1
      count       mean       std        min        25%        50%        75%  \
hist                                                                           
1       9.0  70.113141  1.461325  68.124375  69.019370  70.242569  71.108546   
2       9.0  69.549005  1.742721  65.972674  68.319063  70.290208  70.664271   
3       9.0  69.196184  1.731734  66.844688  68.155278  68.557778  70.709132   
4       9.0  68.813573  1.903314  66.395764  67.452882  68.466736  70.469306   
5       8.0  69.445126  1.623631  66.816215  68.582804  69.339601  70.776979   
6       8.0  69.712995  1.636066  67.634167  68.361250  69.944740  70.446892   
7       9.0  69.829900  1.144181  67.911910  69.253125  69.755972  70.533889   

            max  
hist             
1     72.199722  
2     71.255521  
3     71.254132  
4     71.399062  
5     71.548056  
6     72.499340  
7     71.280382  

us-west-2
      count       mean       std        min        25%        50%        75%  \
hist                                                                           
1       9.0  70.910853  1.028399  68.811771  70.684965  70.793261  71.072465   
2       9.0  70.765022  1.104742  69.391771  70.133611  70.413152  71.195556   
3       9.0  70.645940  1.303369  69.362569  69.659167  70.080625  71.552743   
4       9.0  70.427359  1.135361  69.045903  69.667361  70.297743  70.657986   
5       8.0  70.358549  1.488486  68.641076  69.401736  70.094271  70.966493   
6       8.0  70.106951  1.374031  68.215868  69.237151  69.836823  70.941033   
7       9.0  69.759423  1.217128  68.276875  69.031146  69.259271  71.138519   

            max  
hist             
1     72.556667  
2     72.590590  
3     72.919539  
4     72.731736  
5     73.015993  
6     72.492847  
7     71.505243  

