ca-central-1
      count       mean       std        min        25%        50%        75%  \
hist                                                                           
00     60.0  68.031861  3.813455  62.430000  65.628333  67.709167  70.545625   
01     60.0  68.313083  3.250678  62.480833  66.208125  67.900417  70.322917   
02     60.0  68.020028  3.050130  61.158333  66.317083  67.665833  70.203750   
03     60.0  67.544444  3.045834  60.031667  65.592917  67.805000  69.424792   
04     60.0  67.422194  3.812005  61.190000  64.400417  67.214583  69.802708   
05     60.0  67.748694  2.941097  60.774167  66.043542  68.055417  69.206875   
06     60.0  67.775194  3.062656  60.197500  65.588125  68.062917  69.892708   
07     60.0  67.469597  3.830582  60.818333  64.544583  67.291250  70.225000   
08     60.0  67.499958  3.156826  62.078333  65.101042  66.898333  70.075000   
09     60.0  67.540042  3.589264  60.986667  65.394583  67.267500  69.399167   
10     61.0  68.008620  3.059910  62.025000  65.836667  67.526667  70.200833   
11     61.0  68.325833  3.177895  62.429167  66.346667  67.864167  70.175833   
12     61.0  68.870820  3.279171  61.406667  66.509167  68.655833  71.051667   
13     61.0  68.593716  3.246908  62.968333  66.089167  68.307500  70.179167   
14     61.0  68.509385  3.533834  63.388333  65.698333  68.097500  70.592500   
15     61.0  68.529444  3.369035  61.943333  66.181667  68.048333  70.465833   
16     61.0  68.470314  3.422759  61.983333  65.658333  68.770833  71.141667   
17     61.0  68.175833  3.436903  63.410833  65.165000  68.090833  70.255000   
18     61.0  67.804098  3.671483  60.499167  64.923333  67.648333  70.359167   
19     61.0  68.347459  3.705094  61.234167  66.274167  68.187500  69.964167   
20     61.0  67.911516  4.182306  61.041667  65.177500  67.216667  70.392500   
21     60.0  67.646139  3.619366  63.034167  65.032083  66.887500  69.449375   
22     60.0  67.961472  3.207271  62.130833  65.488125  67.623750  70.127292   
23     60.0  67.487028  3.115936  61.475833  65.247708  67.173750  69.340833   

            max  
hist             
00    79.851667  
01    75.789167  
02    78.452500  
03    75.286667  
04    79.314167  
05    74.346667  
06    73.436667  
07    75.768333  
08    75.045833  
09    76.948333  
10    75.065833  
11    77.950833  
12    77.563333  
13    78.564167  
14    80.165000  
15    78.316667  
16    74.862500  
17    76.738333  
18    76.121667  
19    79.513333  
20    82.315833  
21    83.935000  
22    76.121667  
23    77.317500  

ap-northeast-1
      count       mean       std        min        25%        50%        75%  \
hist                                                                           
00     61.0  68.219631  2.561039  63.445000  66.200833  68.345833  69.892500   
01     61.0  68.119440  2.413349  63.497500  66.682500  68.087500  69.372500   
02     61.0  68.506817  2.675089  63.735000  66.616667  68.469167  70.140000   
03     61.0  68.416216  3.189801  63.640833  66.994167  68.015000  69.223333   
04     61.0  67.467186  2.744834  62.998333  65.236667  67.254167  69.258333   
05     61.0  68.200874  2.120860  63.409167  66.875833  68.060833  69.414167   
06     61.0  68.419986  2.649582  63.719167  66.438333  68.101667  69.543333   
07     61.0  68.997705  4.600805  63.825833  66.753333  68.015833  70.466667   
08     61.0  69.322049  2.994462  63.467500  67.067500  69.048333  70.965833   
09     61.0  70.447077  2.798122  64.333333  68.298333  70.493333  72.281667   
10     60.0  70.397681  3.128849  64.866667  68.393333  70.142500  71.828750   
11     60.0  69.962167  3.065326  64.375000  67.736667  70.040000  71.183542   
12     60.0  69.988583  3.473691  63.885000  67.107083  69.505000  72.965208   
13     60.0  70.783083  3.214709  64.915000  68.806875  70.537917  72.656042   
14     60.0  70.666736  2.720257  65.381667  68.840417  70.281250  71.984583   
15     60.0  70.470043  3.531110  65.488333  67.390000  70.315417  72.368958   
16     60.0  69.997292  2.614503  65.245000  67.905417  70.128333  71.433125   
17     60.0  70.075097  2.926951  65.242500  67.795417  69.584167  72.185625   
18     60.0  70.876625  3.117598  64.862500  68.962708  70.656667  72.874375   
19     60.0  69.912556  3.172167  63.930833  67.906875  69.596250  71.720833   
20     60.0  69.952764  3.102643  63.636667  67.955833  69.595417  72.096250   
21     60.0  69.336181  2.720633  63.853333  67.370625  69.179167  71.062917   
22     60.0  69.250189  3.338142  62.700833  66.261875  69.456920  71.490833   
23     61.0  68.615601  2.499709  64.261667  66.935833  68.085833  69.889167   

            max  
hist             
00    73.430833  
01    73.977500  
02    74.289167  
03    88.283333  
04    74.475833  
05    72.776667  
06    76.665833  
07    98.866667  
08    76.865833  
09    78.148333  
10    80.685833  
11    77.746667  
12    76.481667  
13    79.400833  
14    80.310833  
15    84.090075  
16    77.337500  
17    79.425833  
18    78.421667  
19    78.537500  
20    77.250833  
21    77.082500  
22    76.288333  
23    77.505000  

ap-southeast-2
      count       mean       std        min        25%        50%        75%  \
hist                                                                           
00     61.0  71.400915  4.163705  65.017500  68.559167  70.690000  73.042500   
01     61.0  70.267104  3.658634  63.527500  68.027500  70.415000  72.453333   
02     61.0  70.273142  3.008760  63.620000  68.343333  70.155833  72.441667   
03     61.0  70.364754  3.149664  63.876667  68.286667  70.291667  72.500833   
04     61.0  70.003730  3.641010  63.251667  67.371667  70.380833  72.084167   
05     61.0  70.712454  3.706997  63.915833  67.813333  70.620833  72.868333   
06     61.0  70.906803  3.264388  63.480833  68.961667  70.498333  73.043333   
07     61.0  70.954167  2.866452  64.763333  69.235833  70.720833  72.655833   
08     61.0  71.495533  3.110224  63.124167  69.669167  71.307500  73.857500   
09     61.0  71.374208  3.119431  65.758333  68.755000  71.315000  72.971667   
10     61.0  71.358880  3.016465  65.533333  69.260000  71.354167  73.334167   
11     60.0  71.453528  3.188979  63.925000  69.747292  70.904167  72.947083   
12     60.0  72.286958  2.762130  65.555000  70.470417  72.264583  73.760417   
13     60.0  71.545958  3.211847  63.629167  69.145833  71.623333  73.072917   
14     60.0  71.500569  3.278636  64.510000  69.498958  71.399583  73.421458   
15     60.0  71.254125  2.951512  63.876667  69.145833  71.196250  73.220833   
16     60.0  71.961194  3.491849  63.385000  69.918542  71.400417  74.412083   
17     60.0  71.467375  2.907193  65.802500  69.362500  71.285000  73.032292   
18     60.0  71.658583  2.943056  65.900000  69.771250  71.604167  73.426875   
19     60.0  70.871208  3.356377  62.116667  68.680000  70.729167  73.148333   
20     60.0  71.001042  3.060091  64.786667  68.554792  70.900833  73.823125   
21     60.0  70.766819  2.647041  64.995000  68.878333  70.617083  72.485208   
22     60.0  71.127333  3.248181  65.624167  68.776458  70.701250  72.360208   
23     60.0  70.816062  3.384909  64.938333  68.525000  70.474583  73.627917   

            max  
hist             
00    91.396667  
01    79.116667  
02    76.593333  
03    76.525000  
04    86.111667  
05    83.244167  
06    82.139167  
07    77.519167  
08    77.428333  
09    78.687500  
10    78.172500  
11    80.219167  
12    80.224167  
13    78.106667  
14    79.218333  
15    76.701667  
16    80.865000  
17    79.598333  
18    78.450833  
19    78.384167  
20    76.240000  
21    80.465000  
22    79.994167  
23    78.423333  

ap-south-1
      count       mean       std        min        25%        50%        75%  \
hist                                                                           
00     61.0  71.561066  4.265082  64.676667  68.331667  71.409167  74.550000   
01     61.0  70.002527  2.958577  64.086667  67.846667  69.352500  72.311667   
02     61.0  69.399126  3.334892  62.159167  66.510833  69.591667  72.168333   
03     61.0  69.189194  2.954514  61.286667  67.338333  69.199167  71.547500   
04     61.0  68.578825  3.305647  62.013333  66.418333  68.003333  70.788333   
05     61.0  69.443634  3.182809  63.547500  66.975833  69.691667  71.685833   
06     60.0  69.390944  2.915833  62.271667  67.749792  69.087083  71.419583   
07     60.0  70.741014  3.362401  64.675000  68.252708  70.224167  72.559167   
08     60.0  70.568847  3.210830  64.348333  68.425208  70.365833  72.700625   
09     60.0  70.184917  3.452561  62.645833  68.133333  69.296250  72.113542   
10     60.0  71.286083  3.349258  64.616667  68.885417  71.216667  73.277083   
11     60.0  71.449333  3.891251  64.452500  69.196250  71.062917  73.326250   
12     60.0  71.366403  3.300688  64.431667  69.016250  71.318750  73.565625   
13     60.0  71.717611  3.654352  65.485833  69.009583  72.347917  74.110833   
14     60.0  71.586764  3.285312  65.223333  69.028750  70.788333  73.935833   
15     60.0  71.579583  3.776998  64.130833  69.397292  70.864167  73.732708   
16     60.0  71.209778  2.998175  64.697500  69.390417  70.722917  73.549792   
17     60.0  71.542889  3.109570  64.759167  69.615833  71.094583  73.474375   
18     60.0  70.908111  3.128078  65.546667  68.602917  70.858333  73.175417   
19     61.0  71.876202  6.610621  63.652500  69.351667  71.277500  73.020833   
20     61.0  71.302432  3.172919  63.990000  68.875000  71.403333  73.515000   
21     61.0  71.251284  3.546146  65.305000  68.985000  70.978333  72.980833   
22     61.0  71.482637  3.163107  63.905000  69.808333  71.833333  73.175833   
23     61.0  71.275137  3.928785  64.275833  68.050833  71.219167  73.384167   

             max  
hist              
00     83.640000  
01     76.440000  
02     77.163333  
03     76.069167  
04     78.257500  
05     76.872500  
06     76.504167  
07     81.208333  
08     78.078333  
09     77.888333  
10     78.500000  
11     82.292500  
12     78.001667  
13     81.422500  
14     79.875000  
15     81.724167  
16     78.273333  
17     80.414167  
18     77.708333  
19    117.680000  
20     81.414167  
21     80.776667  
22     79.020833  
23     83.452500  

eu-west-2
      count       mean       std        min        25%        50%        75%  \
hist                                                                           
00     61.0  66.434768  2.309286  61.868333  64.878333  65.983333  67.575833   
01     61.0  66.973579  2.407419  62.487500  65.034167  67.077500  68.314167   
02     60.0  67.073542  3.165424  62.330833  64.499583  66.875000  69.021042   
03     60.0  66.344819  2.536736  61.246667  64.514167  66.393750  68.329792   
04     60.0  66.351306  2.893131  61.943333  63.968750  66.130833  68.360833   
05     60.0  65.975417  2.775461  61.690000  64.446667  65.187917  67.582708   
06     60.0  66.699417  2.678891  61.674167  64.748542  66.302917  68.435833   
07     60.0  66.403500  2.342863  62.362500  64.699167  66.056250  68.151875   
08     60.0  66.222458  2.590665  62.066667  64.327292  65.639167  67.706458   
09     60.0  67.083361  2.730832  62.502500  65.217708  66.594583  68.456667   
10     60.0  67.284333  2.442908  63.005000  65.403750  66.825000  68.816458   
11     60.0  68.138236  2.773878  63.680000  65.980208  67.836667  70.085625   
12     60.0  67.117597  2.824482  62.205833  64.785417  66.949167  68.338125   
13     60.0  68.278875  2.714156  63.975000  66.482708  67.995000  69.915833   
14     60.0  67.594136  2.258123  64.445000  65.980417  67.124917  68.775625   
15     61.0  67.181148  2.198009  63.450000  65.536667  66.906667  68.648333   
16     61.0  67.820943  2.808474  61.704167  65.920833  67.019167  69.540833   
17     61.0  68.143265  3.066400  62.364167  65.990000  67.849167  69.653333   
18     61.0  66.913333  2.846532  63.050000  64.988333  66.429167  68.215000   
19     61.0  67.449522  2.575143  61.887500  65.678333  67.032500  69.005000   
20     61.0  67.101284  2.847077  62.299167  65.230833  66.512500  68.741667   
21     61.0  67.598743  3.063166  63.313333  65.317500  67.560000  68.910000   
22     61.0  67.034331  2.646465  63.170000  65.258333  66.472500  68.433333   
23     61.0  67.427254  3.348623  62.490833  64.754167  66.549167  68.922500   

            max  
hist             
00    72.620833  
01    74.285000  
02    74.680000  
03    71.534167  
04    72.901667  
05    76.079167  
06    73.685833  
07    71.870000  
08    72.835000  
09    77.270833  
10    73.636667  
11    73.603333  
12    75.203333  
13    76.109167  
14    75.189167  
15    72.113333  
16    75.075833  
17    76.071667  
18    79.238333  
19    74.150000  
20    74.005833  
21    79.161667  
22    75.546667  
23    76.841667  

sa-east-1
      count       mean       std        min        25%        50%        75%  \
hist                                                                           
00     60.0  65.488222  2.678906  59.709167  63.545417  64.681250  67.016250   
01     60.0  65.041378  2.508334  60.840000  63.293542  64.992917  66.471250   
02     60.0  64.806500  2.098852  60.595833  63.266875  64.837500  66.379583   
03     60.0  65.071542  2.519110  60.072500  63.473333  64.892917  66.530625   
04     60.0  65.818556  3.002375  60.275000  63.957500  65.547083  67.843958   
05     60.0  65.406736  2.816407  59.695000  63.265625  65.097917  67.386875   
06     60.0  65.529931  2.502805  61.235833  63.958958  65.052500  66.599167   
07     60.0  65.362403  2.233872  60.748333  63.885417  65.288750  66.807292   
08     60.0  65.093708  2.154094  60.955833  63.795208  65.035000  66.125417   
09     60.0  65.911542  2.975026  60.422500  64.003958  65.253750  67.855625   
10     60.0  66.208350  2.436378  60.135000  64.805833  65.944583  67.561667   
11     61.0  66.273470  2.925197  61.658333  63.999167  65.932500  68.211667   
12     61.0  66.246475  2.205590  62.553333  64.428333  66.080000  68.023333   
13     61.0  65.894426  2.584605  60.520000  63.892500  65.452500  68.025833   
14     61.0  66.196721  2.518543  61.635833  64.429167  65.879167  67.722500   
15     61.0  66.451093  3.126254  61.735833  63.976667  66.031667  68.164167   
16     61.0  66.564399  2.260033  60.980833  65.255000  66.140833  67.961667   
17     61.0  65.621503  2.294743  61.142500  63.950833  65.133333  67.268333   
18     61.0  66.477423  2.444900  61.730000  64.865000  66.252500  67.978333   
19     61.0  66.339112  2.796219  61.655833  64.387500  65.844167  67.933333   
20     61.0  66.518893  2.634364  61.738333  64.669167  65.831667  68.571667   
21     61.0  66.000492  2.336602  62.261667  64.071667  65.781667  67.651667   
22     60.0  65.972861  2.468322  61.595833  64.101458  65.681667  67.793125   
23     60.0  66.178931  2.439623  61.715000  64.724375  66.373333  67.364792   

            max  
hist             
00    72.005000  
01    73.977500  
02    69.950833  
03    70.721667  
04    73.606667  
05    73.277500  
06    72.776667  
07    70.573333  
08    70.030000  
09    74.373333  
10    71.557500  
11    73.700000  
12    70.366667  
13    71.618333  
14    72.109167  
15    74.478333  
16    73.865000  
17    70.525833  
18    74.734167  
19    75.253333  
20    71.925833  
21    71.930833  
22    72.968333  
23    72.516667  

eu-central-1
      count       mean       std        min        25%        50%        75%  \
hist                                                                           
00     61.0  68.088620  2.463676  63.399167  66.289167  68.197500  69.596667   
01     61.0  67.299167  2.402413  61.829167  66.014167  66.892500  68.679167   
02     61.0  67.817978  2.651260  61.763333  66.007500  67.354167  69.510000   
03     60.0  66.876528  2.619815  62.675000  64.857292  66.417917  68.604375   
04     60.0  67.411569  2.523294  63.223333  65.796667  66.952500  68.364792   
05     60.0  66.995736  2.420888  61.636667  65.131042  66.705417  68.787917   
06     60.0  67.724778  2.287020  63.323333  66.110833  67.619583  69.334792   
07     60.0  67.094569  2.425479  62.859167  65.236042  66.861667  68.832708   
08     60.0  67.716278  2.102638  63.150833  66.268958  67.360833  68.720417   
09     60.0  68.483764  2.633422  63.150833  66.645625  68.020833  70.223958   
10     60.0  68.553833  2.183343  63.655000  66.819583  68.444583  69.949792   
11     60.0  68.590222  2.308198  64.951667  66.907083  68.374167  69.918125   
12     60.0  68.652264  2.446765  64.393333  66.433333  68.382083  70.191667   
13     60.0  68.752722  2.512336  64.209167  66.989167  68.416667  70.282500   
14     60.0  69.449319  2.337345  63.393333  68.008542  69.530833  71.099792   
15     60.0  69.389942  2.811605  63.920833  67.613542  69.377500  71.444167   
16     61.0  69.367555  2.564441  64.460833  67.560000  69.478333  70.599167   
17     61.0  68.906981  2.911178  64.180000  66.571667  68.318333  71.033333   
18     61.0  68.836885  2.650758  63.674167  67.059167  68.455000  70.633333   
19     61.0  68.751120  2.637507  63.514167  66.999167  68.326667  70.710833   
20     61.0  68.989098  2.357649  63.427500  67.741667  68.691667  70.719167   
21     61.0  68.637541  2.542492  63.143333  67.520833  68.420000  70.134167   
22     61.0  68.732514  2.622963  64.419167  67.105833  68.439167  70.120833   
23     61.0  67.664686  2.514762  63.165000  65.990000  67.202500  69.379167   

            max  
hist             
00    73.603333  
01    76.441667  
02    74.244167  
03    74.661667  
04    73.898333  
05    72.990833  
06    73.076667  
07    72.605833  
08    74.579167  
09    76.084167  
10    73.163333  
11    74.096667  
12    73.999167  
13    74.175833  
14    74.955833  
15    77.310833  
16    75.293333  
17    75.269167  
18    76.070000  
19    74.906667  
20    76.431667  
21    76.595833  
22    78.815833  
23    74.425833  

us-east-1
      count       mean       std        min        25%        50%        75%  \
hist                                                                           
00     60.0  70.417160  3.303909  62.245833  68.106042  71.200000  72.652917   
01     60.0  69.283069  3.974394  61.692500  66.028125  69.023333  71.720833   
02     60.0  68.915528  3.454422  62.455833  66.543125  68.406667  71.307500   
03     60.0  68.744917  3.501085  61.835833  66.394167  68.775833  70.263958   
04     60.0  69.669368  3.630041  61.455833  68.055000  69.541667  72.225208   
05     60.0  68.615944  3.139745  61.844167  66.255625  68.713333  70.384792   
06     60.0  68.714664  3.203309  62.019167  66.013542  68.709167  70.349583   
07     60.0  69.503222  3.576400  63.207500  67.011875  69.028333  71.710417   
08     60.0  69.709778  3.465980  63.142500  66.773333  70.302917  72.907292   
09     60.0  70.464028  3.426445  63.550833  68.082917  70.527500  72.383125   
10     61.0  71.171995  3.362545  62.465833  68.546667  71.481667  73.339167   
11     61.0  71.611603  4.042055  64.356667  68.950833  71.615000  73.830833   
12     61.0  70.834372  3.338504  65.019167  69.020000  70.391667  73.063333   
13     61.0  70.919918  3.823493  63.762500  68.327500  70.898333  72.231667   
14     61.0  70.975396  3.747128  63.562500  68.252500  70.663333  72.907500   
15     61.0  71.111125  3.184327  62.808333  69.430000  70.740000  72.833333   
16     61.0  70.901339  3.609384  63.606667  68.352500  70.684167  72.784167   
17     61.0  70.726243  3.843014  62.325000  68.119167  70.167500  72.993333   
18     61.0  71.201639  3.488337  65.407500  68.638333  70.734167  73.255000   
19     61.0  70.654549  3.580308  63.758333  68.587500  70.178333  73.444167   
20     61.0  70.903743  2.991179  65.852500  68.853333  70.626667  73.093333   
21     60.0  70.646401  3.594741  62.667500  68.591952  70.727500  72.821250   
22     60.0  69.966475  3.394497  63.031667  67.835625  70.151869  72.260833   
23     60.0  69.121354  3.625774  62.070833  66.479792  68.623333  71.251042   

            max  
hist             
00    75.937500  
01    78.593333  
02    77.715000  
03    76.170000  
04    76.945000  
05    76.790000  
06    76.276667  
07    78.492500  
08    75.959167  
09    78.300000  
10    77.976667  
11    81.259167  
12    81.489167  
13    81.562500  
14    80.144167  
15    78.349167  
16    80.170000  
17    84.313333  
18    80.145000  
19    80.861667  
20    76.614167  
21    78.835833  
22    76.892500  
23    80.330833  

us-west-1
      count       mean       std        min        25%        50%        75%  \
hist                                                                           
00     60.0  68.935236  3.775465  63.256667  66.300208  67.758750  71.150208   
01     60.0  68.853944  3.220900  61.840000  66.874792  68.528333  70.525000   
02     60.0  68.797292  2.896225  62.395000  66.875625  68.852500  71.153542   
03     60.0  69.629000  3.427602  62.426667  67.097708  69.554167  71.363333   
04     60.0  69.116373  2.916689  64.360000  66.729792  69.042500  71.391250   
05     60.0  69.122819  2.881030  62.560833  66.970833  69.228333  71.204167   
06     60.0  69.127970  3.172809  62.981667  66.684792  68.904167  70.762292   
07     61.0  69.351831  3.736121  61.820000  67.211667  68.912500  72.284167   
08     61.0  69.634986  3.036399  62.175833  67.312500  69.361667  71.528333   
09     61.0  70.615178  3.225874  63.828333  68.441667  70.780000  72.749167   
10     61.0  69.971352  3.363828  64.306667  67.360833  69.352500  72.074167   
11     61.0  70.597077  3.781740  62.396667  68.391667  70.448333  73.190000   
12     61.0  70.834617  4.330056  64.216667  68.521667  70.595833  73.071667   
13     61.0  70.143128  2.986727  64.733333  68.491667  70.274167  71.419167   
14     61.0  69.980874  3.723116  64.621667  68.060833  69.390833  71.765833   
15     61.0  69.981926  4.047191  63.489167  67.519167  69.575000  71.885833   
16     61.0  69.593115  2.938432  62.774167  67.250833  69.288333  72.148333   
17     61.0  69.724891  3.857413  62.281667  67.710000  69.435000  72.011667   
18     60.0  69.488042  3.430836  62.885000  66.818125  69.133750  72.494792   
19     60.0  69.096736  3.186637  63.220833  66.374375  68.892083  71.822083   
20     60.0  69.364514  3.236732  62.938333  66.887708  69.227083  71.992292   
21     60.0  69.270611  3.321846  62.240000  67.041875  69.084583  71.003542   
22     60.0  68.875569  3.237101  62.875833  66.546250  68.470417  71.261250   
23     60.0  68.779056  2.759092  62.534167  66.697917  68.758333  70.485833   

            max  
hist             
00    83.366667  
01    76.607500  
02    74.417500  
03    79.768333  
04    75.198333  
05    74.564167  
06    79.044167  
07    77.690833  
08    75.975000  
09    78.146667  
10    80.080000  
11    80.392500  
12    91.606667  
13    83.050000  
14    85.381667  
15    85.023333  
16    75.701667  
17    84.167500  
18    81.600000  
19    75.053333  
20    76.749167  
21    80.970833  
22    78.285833  
23    76.202500  

us-west-2
      count       mean       std        min        25%        50%        75%  \
hist                                                                           
00     60.0  70.095847  2.568304  64.261667  68.522292  69.777917  71.617500   
01     60.0  69.996778  3.167845  63.453333  68.088958  69.828750  71.392083   
02     60.0  70.313833  3.410301  64.630000  68.134375  70.300000  71.779792   
03     60.0  69.852042  2.633102  63.764167  68.062500  70.050000  71.281667   
04     60.0  70.044082  2.723199  64.299167  67.844167  70.186667  72.127708   
05     60.0  69.593278  2.474494  64.124167  67.935000  69.231250  71.299375   
06     60.0  70.091332  2.883508  63.347500  68.158958  69.938333  71.984583   
07     61.0  71.051585  3.161842  65.207500  68.486667  70.660000  73.039167   
08     61.0  70.702213  3.531856  65.016667  68.143333  70.047500  72.778333   
09     61.0  70.659754  3.008624  63.131667  68.163333  70.554167  73.214167   
10     61.0  71.060328  3.150822  65.244167  69.115000  71.111667  72.441667   
11     61.0  70.598374  2.887185  63.918333  68.171667  70.540000  72.625833   
12     61.0  70.550423  2.985131  64.095833  68.348333  70.411667  72.315000   
13     61.0  71.122499  3.221679  66.487500  68.854167  70.503333  72.900833   
14     61.0  70.367609  3.032247  64.992500  68.080833  69.706667  72.505833   
15     61.0  70.676653  2.853577  64.385833  68.520833  70.486667  72.839167   
16     61.0  70.791011  3.154011  65.729167  68.494167  70.650000  72.542500   
17     61.0  71.037746  2.850358  66.041667  69.310000  70.714167  73.071667   
18     60.0  70.189403  3.172416  64.764167  67.930625  69.955417  71.699792   
19     60.0  70.547361  3.075978  64.243333  68.770000  70.212500  72.099375   
20     60.0  70.612153  2.959601  63.559167  68.820000  70.734583  72.364167   
21     60.0  69.858431  3.058119  63.857500  67.741667  69.307500  71.175208   
22     60.0  70.744361  3.116573  63.438333  68.878750  70.174583  72.166042   
23     60.0  70.159639  2.681100  65.061667  67.982500  70.270000  72.023750   

            max  
hist             
00    79.896667  
01    80.000000  
02    80.878333  
03    75.879167  
04    75.358333  
05    74.706667  
06    77.340000  
07    81.050000  
08    79.721667  
09    76.098333  
10    79.305000  
11    77.467500  
12    77.329167  
13    80.509167  
14    77.601667  
15    78.734167  
16    83.275833  
17    77.473333  
18    80.789167  
19    78.283333  
20    77.506667  
21    75.970833  
22    78.456667  
23    75.340000  

