ap-southeast-2
      count      mean       std       min       25%       50%       75%  \
hist                                                                      
1       9.0  0.129067  0.369435 -0.254347 -0.175891 -0.038359  0.396731   
2       9.0  0.006143  0.219429 -0.459288 -0.057170  0.043092  0.156872   
3       9.0 -0.151945  0.619711 -1.156176 -0.557461 -0.013877  0.351620   
4       9.0  0.181851  0.891575 -1.333101 -0.402182  0.396982  0.826095   
5       9.0 -0.015835  0.864364 -1.250280 -0.724517  0.072195  0.711056   
6       8.0 -0.036026  1.096672 -0.909517 -0.836881 -0.586871  0.565926   
7       8.0 -0.464833  0.438104 -0.974341 -0.821026 -0.513910 -0.257387   

           max  
hist            
1     0.741379  
2     0.232228  
3     0.610641  
4     1.297268  
5     1.042673  
6     1.972567  
7     0.327802  

ap-south-1
      count      mean       std       min       25%       50%       75%  \
hist                                                                      
1       9.0  0.360929  0.741845 -0.254967 -0.181150  0.046576  0.694491   
2       9.0  0.431779  0.880075 -0.643114 -0.150874  0.212738  0.906003   
3       9.0  0.347458  0.131945  0.065893  0.314269  0.373630  0.421882   
4       9.0 -0.174593  0.889422 -1.723156 -0.777410  0.143309  0.548955   
5       9.0 -0.811695  1.139101 -3.019738 -1.391449 -0.092921 -0.016397   
6       8.0 -0.908508  0.503251 -1.659034 -1.201162 -0.910652 -0.673874   
7       8.0  0.473019  0.660486 -0.158355 -0.019737  0.213562  0.863342   

           max  
hist            
1     1.834811  
2     2.036224  
3     0.526511  
4     0.710984  
5     0.053250  
6    -0.076782  
7     1.648650  

ca-central-1
      count      mean       std       min       25%       50%       75%  \
hist                                                                      
1       9.0  0.952778  1.434851 -0.325344 -0.069015  0.234078  1.717962   
2       9.0 -0.554083  0.860209 -2.190011 -0.966745 -0.305408  0.098028   
3       9.0  0.197320  0.705964 -1.171690 -0.055814  0.442287  0.705079   
4       9.0 -0.689703  0.974617 -2.644486 -1.103378 -0.236569 -0.124674   
5       8.0 -0.766207  0.772661 -2.097517 -1.196206 -0.594323 -0.254725   
6       8.0  0.102432  0.862198 -0.721871 -0.524668 -0.152054  0.373498   
7       9.0  0.410593  0.739943 -0.228572 -0.021001  0.037104  0.658805   

           max  
hist            
1     3.697363  
2     0.299717  
3     0.942904  
4     0.249571  
5     0.186877  
6     1.772793  
7     1.940940  

ap-northeast-1
      count      mean       std       min       25%       50%       75%  \
hist                                                                      
1       9.0  0.109408  0.347059 -0.143307 -0.109143 -0.074987  0.219843   
2       9.0  0.656687  0.631330 -0.352625  0.255845  0.684250  1.094103   
3       9.0  0.422854  0.678569 -0.228144 -0.061023  0.156119  0.688872   
4       9.0  0.235711  0.372608 -0.416094  0.001656  0.344951  0.503178   
5       9.0 -0.674827  0.725639 -1.938472 -1.133120 -0.519581 -0.140213   
6       8.0 -0.782744  0.732245 -2.138158 -1.187286 -0.350542 -0.266549   
7       8.0 -0.023923  0.296339 -0.494850 -0.217074  0.011626  0.195809   

           max  
hist            
1     0.831432  
2     1.559651  
3     1.750515  
4     0.675038  
5     0.185597  
6    -0.255815  
7     0.354595  

eu-central-1
      count      mean       std       min       25%       50%       75%  \
hist                                                                      
1       9.0 -0.201853  0.254616 -0.534534 -0.392440 -0.247960 -0.035514   
2       9.0  0.871951  0.417330  0.447599  0.617168  0.771511  0.962141   
3       9.0  0.079070  0.239486 -0.332612 -0.088752  0.226056  0.266456   
4       9.0  0.046794  0.133904 -0.161753 -0.004332  0.020632  0.122151   
5       9.0 -0.127940  0.831740 -1.495201 -0.694539  0.029414  0.468073   
6       8.0  0.213897  0.282554 -0.056783  0.019170  0.098955  0.353801   
7       8.0 -0.995220  0.456205 -1.782929 -1.259079 -0.870056 -0.689893   

           max  
hist            
1     0.175715  
2     1.705909  
3     0.303727  
4     0.263297  
5     0.945016  
6     0.734883  
7    -0.457773  

eu-west-2
      count      mean       std       min       25%       50%       75%  \
hist                                                                      
1       9.0  0.317023  0.954560 -0.470240 -0.364732 -0.254121  0.836819   
2       9.0  0.773295  0.765531  0.113809  0.343298  0.403683  1.007070   
3       9.0 -0.181396  0.521397 -1.020572 -0.607340  0.057776  0.267849   
4       9.0 -0.535599  0.740724 -1.942277 -0.888038 -0.330130  0.014360   
5       9.0 -0.715150  1.311751 -3.301390 -1.338743  0.085186  0.195447   
6       8.0 -0.277757  0.495392 -1.199225 -0.524361 -0.062092  0.026586   
7       8.0  0.305177  1.045550 -0.555097 -0.476557 -0.185517  0.887527   

           max  
hist            
1     2.145979  
2     2.361352  
3     0.285483  
4     0.230803  
5     0.252363  
6     0.230854  
7     2.213956  

sa-east-1
      count      mean       std       min       25%       50%       75%  \
hist                                                                      
1       9.0 -0.219069  0.172641 -0.469086 -0.380374 -0.190792 -0.044383   
2       9.0 -0.111597  0.352299 -0.822299 -0.168909 -0.020050 -0.002819   
3       9.0  0.620287  0.131145  0.385902  0.542199  0.625184  0.696119   
4       9.0  0.156916  0.222774 -0.218654  0.009406  0.151953  0.278681   
5       8.0  0.164119  0.329291 -0.426221  0.000387  0.252105  0.369515   
6       8.0 -0.153558  0.323592 -0.498794 -0.404069 -0.202111  0.000763   
7       9.0 -0.517670  0.205466 -0.730962 -0.648903 -0.618188 -0.414405   

           max  
hist            
1    -0.013939  
2     0.365314  
3     0.828334  
4     0.460675  
5     0.557304  
6     0.449196  
7    -0.128061  

us-east-1
      count      mean       std       min       25%       50%       75%  \
hist                                                                      
1       9.0 -0.096921  0.093428 -0.297635 -0.102978 -0.062434 -0.038144   
2       9.0  0.781025  0.670144 -0.453866  0.373745  1.207355  1.280841   
3       9.0  0.046925  0.344202 -0.358353 -0.165106 -0.069179  0.231976   
4       9.0  0.568692  0.365353  0.178990  0.314703  0.485397  0.643016   
5       8.0  0.190529  0.247691 -0.010048  0.032832  0.060040  0.290900   
6       8.0 -0.789619  0.553758 -1.667135 -1.205652 -0.570558 -0.345608   
7       9.0 -0.691035  0.085619 -0.830584 -0.744846 -0.688210 -0.642421   

           max  
hist            
1    -0.018653  
2     1.304464  
3     0.685751  
4     1.304814  
5     0.676759  
6    -0.288560  
7    -0.535273  

us-west-1
      count      mean       std       min       25%       50%       75%  \
hist                                                                      
1       9.0  0.635081  0.809700  0.115051  0.167483  0.171236  0.833897   
2       9.0  0.574302  0.763690 -0.350655  0.004147  0.430855  1.036806   
3       9.0 -0.481570  0.465071 -1.244243 -0.830661 -0.369618 -0.083412   
4       9.0 -0.828993  1.182503 -3.076166 -1.440050 -0.356878 -0.033349   
5       8.0 -0.009917  0.655899 -1.305347 -0.246673  0.341556  0.411058   
6       8.0 -0.078341  0.372572 -0.377952 -0.342834 -0.240908  0.055861   
7       9.0  0.025614  0.343971 -0.416758 -0.252063 -0.060621  0.289703   

           max  
hist            
1     2.354230  
2     1.898579  
3     0.007327  
4     0.404847  
5     0.499009  
6     0.649520  
7     0.528898  

us-west-2
      count      mean       std       min       25%       50%       75%  \
hist                                                                      
1       9.0  0.308695  0.783305 -0.922973 -0.231717  0.384583  0.866233   
2       9.0  0.097488  0.269483 -0.364015 -0.060744  0.141023  0.306099   
3       9.0  0.233514  0.228794 -0.006246  0.009947  0.201839  0.433613   
4       9.0  0.185298  0.146549 -0.010185  0.111707  0.148335  0.233430   
5       8.0  0.201650  0.579945 -0.684866 -0.191611  0.255984  0.608591   
6       8.0 -0.099131  0.512363 -0.509728 -0.490694 -0.347687  0.196379   
7       9.0 -1.085679  0.566632 -1.961924 -1.502224 -1.063985 -0.628709   

           max  
hist            
1     1.399869  
2     0.428255  
3     0.521877  
4     0.468145  
5     0.984756  
6     0.823901  
7    -0.356155  

