ca-central-1
      count      mean       std       min       25%       50%       75%  \
hist                                                                      
00     60.0 -0.081355  1.621134 -4.907973 -1.144030 -0.174479  1.287993   
01     60.0  0.302137  1.560058 -2.748547 -0.837723  0.383009  1.132060   
02     60.0  0.121506  1.221219 -2.481926 -0.891160  0.100068  0.930104   
03     60.0 -0.555182  1.621664 -5.539621 -1.303427 -0.016095  0.546151   
04     60.0 -0.144047  1.845728 -3.090617 -1.381160 -0.496325  0.791352   
05     60.0  0.040785  1.129124 -2.702715 -0.661876 -0.037838  0.942891   
06     60.0  0.199675  1.162084 -1.867553 -0.580640  0.040732  0.722950   
07     60.0 -0.024503  1.966210 -3.599153 -1.568005 -0.026091  1.340798   
08     60.0 -0.794796  1.430425 -3.582381 -1.695598 -0.622895  0.195033   
09     60.0 -0.372663  1.571440 -2.571573 -1.536097 -0.644820  0.396784   
10     61.0 -0.180136  1.617594 -5.270144 -0.580691 -0.070634  1.020259   
11     61.0  0.559757  1.469657 -1.626947 -0.571869  0.085237  1.536365   
12     61.0  0.969811  1.459015 -2.415584  0.018230  0.783733  2.029164   
13     61.0  0.087411  0.845446 -1.546969 -0.606496  0.026447  0.701038   
14     61.0  0.438570  1.323321 -1.743106 -0.507012  0.267817  1.439098   
15     61.0  0.562446  1.636010 -3.109818 -0.516663  0.402717  1.365053   
16     61.0  0.550644  1.777111 -3.478399 -0.492760  0.727410  1.866657   
17     61.0  0.019540  1.214966 -3.207312 -0.733924 -0.142759  0.799159   
18     61.0 -0.171733  1.432737 -4.123849 -0.927210 -0.167469  0.995684   
19     61.0  0.323723  1.086211 -1.712765 -0.543931  0.181644  1.059426   
20     61.0 -0.408731  1.456313 -3.024049 -1.372071 -0.570920  0.563083   
21     60.0 -0.529880  1.182426 -3.614331 -1.052430 -0.443548 -0.004401   
22     60.0 -0.111857  0.939351 -2.034283 -0.864547 -0.102925  0.583776   
23     60.0 -0.702159  2.232590 -9.788841 -1.331617 -0.399299  0.402540   

           max  
hist            
00    2.923112  
01    3.498406  
02    2.482255  
03    2.180893  
04    5.262842  
05    2.457333  
06    4.337456  
07    4.488973  
08    2.279328  
09    4.075812  
10    2.055570  
11    4.213140  
12    3.943433  
13    1.756552  
14    3.480741  
15    4.538925  
16    3.621287  
17    2.457658  
18    2.099152  
19    2.963828  
20    3.825821  
21    2.914446  
22    1.522524  
23    3.682626  

ap-northeast-1
      count      mean       std       min       25%       50%       75%  \
hist                                                                      
00     61.0 -1.069563  0.841005 -2.450905 -1.698856 -1.145675 -0.547832   
01     61.0 -1.136823  1.324402 -4.342798 -1.761525 -1.079953 -0.389051   
02     61.0 -1.017046  1.527992 -4.966690 -1.793959 -1.019080 -0.248006   
03     61.0 -1.125844  0.809639 -2.691376 -1.733339 -1.194855 -0.471468   
04     61.0 -1.657743  1.503541 -3.744590 -2.628823 -2.049438 -0.857442   
05     61.0 -0.990260  0.927272 -2.322294 -1.696236 -1.116348 -0.632779   
06     61.0 -0.804084  0.950738 -3.264963 -1.534688 -0.805138 -0.286724   
07     61.0 -0.600917  1.141175 -3.185127 -1.626297 -0.444431  0.365526   
08     61.0 -0.042274  1.169025 -2.286563 -0.800682 -0.142754  0.769047   
09     61.0  1.055973  1.469264 -1.279406 -0.488299  0.945622  2.297978   
10     60.0  1.022977  1.393674 -1.141866  0.029556  0.738540  1.923239   
11     60.0  0.229733  0.965445 -2.177677 -0.220176  0.292119  0.931756   
12     60.0  0.991154  1.952535 -3.753711 -0.059845  1.218293  2.072699   
13     60.0  1.375065  1.420156 -1.572891  0.454585  1.155948  2.427172   
14     60.0  1.143448  1.107204 -1.075331  0.442672  0.928772  2.069320   
15     60.0  0.361698  1.471839 -2.164678 -0.804987  0.356711  1.609949   
16     60.0  0.591817  1.257120 -2.312154 -0.056955  0.654538  1.211603   
17     60.0  0.295874  1.031283 -1.818022 -0.396716  0.401018  1.138769   
18     60.0  1.730162  1.251712 -0.700744  0.908596  1.678892  2.455855   
19     60.0  0.373282  1.253804 -2.446214 -0.378694  0.345071  1.159055   
20     60.0  0.413999  1.535829 -2.941362 -0.713118  0.544630  1.503920   
21     60.0 -0.108526  1.184967 -2.692341 -1.205436  0.260810  0.857019   
22     60.0 -0.047986  1.654495 -3.398240 -1.085042  0.047073  1.007527   
23     61.0 -0.890296  1.092838 -3.074495 -1.750985 -0.928221 -0.116406   

           max  
hist            
00    1.072481  
01    1.710131  
02    1.941612  
03    0.709850  
04    3.030515  
05    1.162674  
06    1.284348  
07    1.417423  
08    2.282993  
09    3.550759  
10    4.084843  
11    1.985829  
12    5.678952  
13    4.250335  
14    3.131405  
15    3.328253  
16    3.740467  
17    2.158204  
18    5.138642  
19    4.320087  
20    4.257395  
21    1.756227  
22    3.760552  
23    1.256661  

ap-southeast-2
      count      mean       std       min       25%       50%       75%  \
hist                                                                      
00     61.0 -0.493664  1.543181 -4.204788 -1.588990 -0.904160  0.622816   
01     61.0 -0.875500  1.169183 -3.934503 -1.472653 -0.663345 -0.247678   
02     61.0 -0.687008  0.952315 -3.704816 -1.137293 -0.599251  0.010770   
03     61.0 -0.429692  1.264005 -3.282532 -1.500314 -0.257117  0.505545   
04     61.0 -1.174911  1.175811 -3.228200 -2.023492 -1.334499 -0.547865   
05     61.0 -0.633870  1.308442 -2.823508 -1.636213 -0.597923  0.079290   
06     61.0 -0.269317  0.980329 -2.084203 -1.092661 -0.420655  0.521715   
07     61.0 -0.062326  1.362689 -3.117903 -0.927578  0.028198  0.846492   
08     61.0  0.664626  1.328622 -3.238186  0.098329  0.529444  1.397443   
09     61.0  0.067855  1.409210 -3.463481 -0.591645  0.234637  1.073166   
10     61.0  0.207807  1.602220 -3.118231 -0.674282  0.303332  1.279060   
11     60.0  0.309507  1.032033 -1.287488 -0.391548  0.063827  0.686110   
12     60.0  1.213380  0.937674 -1.503092  0.693270  1.185651  1.940347   
13     60.0  0.070951  1.333478 -2.830661 -0.791820 -0.015185  1.052852   
14     60.0  0.799697  1.347361 -4.249948  0.050894  0.933682  1.592302   
15     60.0  0.376588  1.167316 -1.819550 -0.515334  0.294629  1.542380   
16     60.0  0.872094  1.557102 -2.032021 -0.555068  0.893963  2.219181   
17     60.0  0.352045  1.239863 -2.409636 -0.132155  0.532863  1.107915   
18     60.0  0.561247  1.383690 -2.367421 -0.413678  0.159061  1.638384   
19     60.0 -0.026789  1.748832 -2.855342 -1.056344 -0.248423  0.762877   
20     60.0  0.301537  1.392432 -2.930740 -0.678981  0.221717  1.320577   
21     60.0 -0.347164  1.275753 -3.902919 -1.344193 -0.017577  0.572669   
22     60.0 -0.251996  1.218558 -2.957955 -0.949529 -0.338170  0.441730   
23     60.0 -0.556318  1.184698 -3.830132 -1.180081 -0.543129  0.080052   

           max  
hist            
00    2.913873  
01    2.017535  
02    0.723475  
03    1.788680  
04    1.592424  
05    2.665604  
06    1.875997  
07    2.571466  
08    3.409722  
09    2.375390  
10    3.801573  
11    3.812870  
12    3.105496  
13    2.596144  
14    3.686396  
15    2.733264  
16    3.936585  
17    3.787221  
18    3.600497  
19    6.075758  
20    3.674649  
21    2.105379  
22    3.110726  
23    1.945626  

ap-south-1
      count      mean       std       min       25%       50%       75%  \
hist                                                                      
00     61.0  0.672721  2.010255 -3.325720 -1.331814  0.797634  1.970942   
01     61.0 -0.622756  1.380959 -2.916063 -1.653861 -0.785991  0.102041   
02     61.0 -0.996089  1.522031 -3.474213 -2.144015 -1.453897  0.034891   
03     61.0 -1.356454  1.122312 -3.434627 -2.133721 -1.387911 -0.733088   
04     61.0 -2.353832  0.978840 -4.479610 -2.968902 -2.402767 -1.635104   
05     61.0 -1.391329  1.104748 -3.971947 -1.871207 -1.459899 -0.600753   
06     60.0 -1.500439  1.453043 -4.974810 -2.101480 -1.246667 -0.646332   
07     60.0  0.281481  1.700544 -2.222040 -0.911395  0.121787  1.459241   
08     60.0  0.138661  1.438141 -2.246206 -0.952467 -0.125675  0.844362   
09     60.0 -0.457041  1.756389 -3.831523 -1.599124 -0.310288  0.589454   
10     60.0  0.261177  1.430915 -3.005928 -0.768265  0.101952  1.270991   
11     60.0  0.822981  1.626276 -1.717516 -0.447257  0.746736  1.828633   
12     60.0  0.439384  1.630820 -3.747854 -0.501440  0.679085  1.824268   
13     60.0  1.008794  1.331462 -1.917970  0.320239  0.943528  1.689669   
14     60.0  0.952451  1.570491 -1.385223 -0.328612  0.889292  1.659893   
15     60.0  0.612489  1.410607 -2.533106 -0.255376  0.680484  1.734990   
16     60.0  0.388960  1.428332 -2.240214 -0.697874  0.275837  1.477717   
17     60.0  0.806045  1.467089 -1.937861 -0.436443  0.821535  1.771359   
18     60.0  0.310789  1.769823 -3.646874 -0.616044 -0.100375  0.860321   
19     61.0  0.496535  1.124456 -2.872314 -0.082970  0.368335  1.283139   
20     61.0  0.364871  1.380405 -2.670826 -0.496324  0.324267  1.653896   
21     61.0  0.540486  1.816280 -1.881755 -0.708840  0.089496  1.102247   
22     61.0  0.633311  1.395001 -2.195692 -0.419472  0.692092  1.803257   
23     61.0 -0.046937  1.645549 -3.256306 -1.362803 -0.386425  1.433092   

           max  
hist            
00    5.570089  
01    3.141393  
02    2.996331  
03    1.570958  
04   -0.528602  
05    1.013293  
06    1.466314  
07    5.166584  
08    3.735187  
09    4.920642  
10    3.256160  
11    5.373300  
12    3.168307  
13    4.269581  
14    6.352121  
15    3.182681  
16    3.255134  
17    5.047765  
18    4.283728  
19    2.429786  
20    2.789057  
21    6.833274  
22    2.802533  
23    2.864866  

eu-west-2
      count      mean       std       min       25%       50%       75%  \
hist                                                                      
00     61.0 -0.665789  0.920007 -3.593548 -1.052653 -0.587719 -0.037213   
01     61.0 -0.309248  0.982709 -2.618986 -0.905240 -0.266382  0.587416   
02     60.0 -0.116008  1.257875 -2.258717 -1.006760 -0.142849  0.739764   
03     60.0 -0.579276  1.401456 -4.876722 -1.380838 -0.157478  0.355534   
04     60.0 -0.858049  1.793062 -4.693995 -1.986966 -0.677083  0.467534   
05     60.0 -1.284616  1.312030 -5.185005 -2.154948 -1.505517 -0.257405   
06     60.0 -0.501752  1.318506 -3.320029 -1.561055 -0.348370  0.538838   
07     60.0 -0.544369  1.137296 -3.028737 -1.245915 -0.565622  0.012339   
08     60.0 -1.070351  0.882409 -2.829912 -1.750374 -1.039643 -0.319570   
09     60.0 -0.312544  1.014420 -2.749581 -0.783901 -0.244917  0.247057   
10     60.0  0.220055  1.049005 -2.453792 -0.705462  0.423719  0.863438   
11     60.0  1.103509  0.982297 -0.225126  0.431782  0.862056  1.634755   
12     60.0 -0.043945  1.664756 -2.705158 -0.823525 -0.241384  0.386841   
13     60.0  1.437178  1.905542 -0.933287  0.403494  1.179022  2.080822   
14     60.0  0.447011  0.785810 -1.153843 -0.135596  0.362461  0.870810   
15     61.0  0.058344  1.156364 -3.822013 -0.623047 -0.091640  0.966127   
16     61.0  1.100507  1.074627 -0.945368  0.354412  0.823273  1.827011   
17     61.0  1.184739  1.548451 -1.226406 -0.062505  1.128695  1.512741   
18     61.0 -0.192980  0.926657 -1.954556 -0.771889 -0.239141  0.356362   
19     61.0  0.474730  1.373134 -2.869383  0.004969  0.993397  1.447953   
20     61.0 -0.093187  1.276175 -2.229819 -0.816471 -0.242314  0.343073   
21     61.0  0.629375  1.420406 -3.042499 -0.109561  0.427798  1.059310   
22     61.0 -0.395508  0.906164 -2.829802 -1.106737 -0.348831  0.374182   
23     61.0  0.281333  1.708165 -2.796438 -1.042257 -0.088708  1.127751   

            max  
hist             
00     1.034543  
01     1.341934  
02     2.935941  
03     1.930056  
04     1.853332  
05     1.421538  
06     2.379069  
07     3.504657  
08     0.612557  
09     3.470777  
10     2.305404  
11     3.739281  
12     6.783042  
13    11.043989  
14     2.595134  
15     2.155688  
16     3.252912  
17     5.486912  
18     2.198986  
19     2.198875  
20     4.082958  
21     5.164193  
22     1.063448  
23     4.225429  

sa-east-1
      count      mean       std       min       25%       50%       75%  \
hist                                                                      
00     60.0 -0.175223  1.739675 -2.607834 -1.239853 -0.541033  0.579266   
01     60.0 -1.000786  1.131635 -3.856721 -1.552379 -1.156453 -0.346150   
02     60.0 -0.885598  1.049727 -3.476911 -1.550044 -0.735036 -0.127043   
03     60.0 -0.375749  1.324527 -2.564977 -1.306735 -0.980182  0.466704   
04     60.0 -0.025781  1.746852 -3.833548 -1.223558 -0.175923  1.133452   
05     60.0 -0.507386  1.352854 -3.905189 -1.269312 -0.315525  0.195263   
06     60.0 -0.471968  0.916642 -2.176780 -1.111216 -0.464820 -0.056569   
07     60.0 -0.361870  1.186689 -2.492554 -1.260122 -0.357717  0.321366   
08     60.0 -0.743851  1.213157 -3.182023 -1.581425 -0.522329 -0.047880   
09     60.0 -0.362004  1.472288 -4.241086 -1.233977 -0.239408  0.863140   
10     60.0  0.561766  1.270971 -2.060062 -0.153447  0.496837  1.360629   
11     61.0  0.449295  1.872575 -2.729124 -0.783172 -0.027874  1.467060   
12     61.0  0.592751  1.148205 -1.988385 -0.109514  0.709974  1.391373   
13     61.0  0.070020  1.168689 -2.056430 -0.836106  0.051132  0.607415   
14     61.0  0.116859  1.193386 -1.985021 -0.748107  0.280834  0.881455   
15     61.0 -0.099436  1.172218 -2.781723 -0.902814 -0.091800  0.540057   
16     61.0  0.890685  1.720649 -2.061820 -0.244332  0.632171  1.619919   
17     61.0 -0.399375  0.948883 -2.462616 -1.017741 -0.557356  0.217906   
18     61.0  0.520180  1.106257 -1.580618 -0.443224  0.692727  1.224655   
19     61.0  0.514789  1.278765 -1.307670 -0.607965  0.379777  0.920523   
20     61.0  0.851609  1.124054 -1.134554  0.112741  0.559164  1.622669   
21     61.0  0.167938  1.564076 -2.997442 -0.828706 -0.136904  0.657590   
22     60.0  0.158512  1.449907 -3.408721 -0.521335  0.289511  1.181315   
23     60.0  0.414933  1.422610 -2.429563 -0.514957  0.199840  1.184464   

           max  
hist            
00    5.024971  
01    2.007337  
02    1.092833  
03    3.102791  
04    5.207874  
05    3.930096  
06    2.047572  
07    3.450038  
08    2.109786  
09    1.909839  
10    3.456527  
11    5.111198  
12    2.610047  
13    2.433516  
14    2.868314  
15    2.313730  
16    5.795878  
17    2.013193  
18    2.990288  
19    3.572996  
20    3.529441  
21    4.078512  
22    3.596170  
23    4.332624  

eu-central-1
      count      mean       std       min       25%       50%       75%  \
hist                                                                      
00     61.0 -0.269471  1.209145 -2.973481 -0.873035 -0.027396  0.636698   
01     61.0 -1.154840  0.800401 -2.413260 -1.791584 -1.325430 -0.470922   
02     61.0 -0.491458  1.447983 -5.036303 -1.527011 -0.630386  0.178785   
03     60.0 -1.512223  1.012118 -3.845892 -2.230550 -1.576389 -0.742613   
04     60.0 -1.141630  1.137531 -3.541955 -1.992276 -1.171606 -0.251163   
05     60.0 -1.143409  1.211082 -4.044910 -1.913431 -0.955416 -0.402863   
06     60.0 -0.311069  0.964051 -2.118841 -1.076176 -0.216570  0.370101   
07     60.0 -1.174514  1.090886 -3.698158 -1.945107 -1.117580 -0.405667   
08     60.0 -0.580247  0.833784 -2.353965 -1.096091 -0.677861 -0.052072   
09     60.0  0.102369  0.992961 -1.871226 -0.594688  0.019112  0.869809   
10     60.0  0.491798  0.996426 -2.484902 -0.119996  0.605116  1.066465   
11     60.0  0.137525  1.083762 -1.736929 -0.787729  0.120747  0.804955   
12     60.0  0.508719  1.127915 -1.179172 -0.371493  0.399556  1.422382   
13     60.0  0.420088  1.381164 -1.822990 -0.753904  0.256295  1.280635   
14     60.0  1.566889  1.095324 -0.576027  0.776246  1.557456  2.427415   
15     60.0  1.211271  1.320684 -1.715660  0.188687  1.220155  2.306499   
16     61.0  0.760983  1.138437 -1.583517  0.228014  0.515450  1.474755   
17     61.0  0.490138  1.702731 -3.251411 -0.772189  0.393664  1.669653   
18     61.0  0.247039  1.364017 -2.527132 -0.749146  0.388303  1.339957   
19     61.0  0.996649  1.859865 -1.667695 -0.308989  0.606777  2.183827   
20     61.0  0.484520  1.049012 -2.060687 -0.186579  0.583573  1.224290   
21     61.0  0.526979  1.291893 -2.349962 -0.266542  0.424836  1.062444   
22     61.0  0.359659  1.034767 -2.690779 -0.097394  0.528827  0.879036   
23     61.0 -0.459176  1.322774 -3.589313 -1.259679 -0.680738  0.240301   

           max  
hist            
00    2.431477  
01    1.248779  
02    2.945749  
03    0.972990  
04    0.967327  
05    1.346831  
06    1.368425  
07    0.986387  
08    1.293483  
09    2.189001  
10    2.398687  
11    2.219351  
12    2.990480  
13    4.630052  
14    3.442411  
15    3.594522  
16    4.141678  
17    4.497762  
18    2.893777  
19    7.356585  
20    2.500382  
21    3.996688  
22    2.849043  
23    3.357494  

us-east-1
      count      mean       std       min       25%       50%       75%  \
hist                                                                      
00     60.0  0.352522  1.493213 -3.767670 -0.440320  0.507729  1.283201   
01     60.0 -1.022381  1.907161 -4.286467 -2.494184 -1.178839  0.294681   
02     60.0 -1.436420  1.838261 -5.630103 -2.497769 -1.175744  0.015242   
03     60.0 -1.451866  1.715292 -5.215427 -2.633285 -1.420065 -0.102750   
04     60.0 -0.107048  2.054967 -4.809955 -1.364857 -0.419445  1.249310   
05     60.0 -1.488873  1.768004 -6.591446 -2.535885 -1.281115 -0.467978   
06     60.0 -1.744692  1.430550 -4.928889 -2.530796 -1.925709 -0.495112   
07     60.0 -0.478664  1.705971 -4.154385 -1.517826 -0.835477 -0.221576   
08     60.0 -0.149171  1.603770 -4.236871 -1.242712  0.036154  0.895924   
09     60.0  0.063428  1.705124 -2.496860 -1.334327  0.132314  1.223471   
10     61.0  0.961357  1.405323 -1.647192  0.012203  0.629018  1.625103   
11     61.0  1.218167  1.794527 -2.694029  0.086568  1.488458  2.499389   
12     61.0  0.664937  1.597025 -2.496576 -0.581617  0.661264  1.777312   
13     61.0  0.527841  1.772664 -3.520987 -0.322717  0.573188  1.591023   
14     61.0  1.105840  2.384735 -3.039408 -0.419081  0.607692  2.018340   
15     61.0  0.871324  1.892845 -2.743974 -0.355153  0.480635  2.646506   
16     61.0  0.368404  1.951701 -4.216009 -1.231181  0.528071  1.436109   
17     61.0  0.124203  1.657144 -4.208572 -0.706953  0.209294  1.396320   
18     61.0  1.024627  1.522292 -1.627965  0.007311  0.910447  1.867317   
19     61.0  0.266596  1.789093 -4.023270 -1.010016  0.557073  1.540581   
20     61.0  0.774237  1.111649 -1.237677  0.017033  0.693379  1.521370   
21     60.0  0.699094  1.867108 -2.823619 -0.593656  0.711254  1.869983   
22     60.0  0.232342  1.923156 -4.056769 -0.927901  0.053063  1.497508   
23     60.0 -1.395878  1.347318 -3.565667 -2.505383 -1.736808 -0.584104   

           max  
hist            
00    3.337510  
01    4.115186  
02    1.496510  
03    2.218223  
04    4.622683  
05    2.309327  
06    0.644799  
07    4.865705  
08    2.892730  
09    5.304086  
10    4.045364  
11    5.215403  
12    4.654395  
13    4.594860  
14    8.570593  
15    4.116338  
16    6.090014  
17    3.131090  
18    5.149865  
19    3.884103  
20    3.729972  
21    4.449547  
22    5.342133  
23    1.773763  

us-west-1
      count      mean       std       min       25%       50%       75%  \
hist                                                                      
00     60.0 -0.707815  1.647013 -3.659920 -1.931186 -0.829036  0.061898   
01     60.0 -0.511568  1.493539 -3.204674 -1.664059 -0.644171  0.621586   
02     60.0 -0.529944  1.076142 -2.300690 -1.392720 -0.744074  0.103545   
03     60.0 -0.024014  1.591159 -3.385050 -1.118564  0.134303  0.961244   
04     60.0 -0.155114  1.814532 -4.981948 -1.036165  0.044947  0.964981   
05     60.0 -0.392974  1.085287 -3.089694 -1.093750 -0.353636  0.360137   
06     60.0 -0.022348  1.247384 -2.255140 -0.801193 -0.309622  0.291196   
07     61.0 -0.275919  1.992725 -3.100134 -1.696829 -0.696134  0.857380   
08     61.0  0.271093  1.137308 -1.920536 -0.503136  0.192626  0.684891   
09     61.0  1.152005  1.473482 -2.142229  0.367814  1.492799  2.269612   
10     61.0  0.364032  1.775727 -2.110752 -1.021102 -0.062813  1.648976   
11     61.0  0.532575  1.337453 -2.454556 -0.301870  0.709518  1.501712   
12     61.0  0.806139  1.671150 -3.531950 -0.015732  0.838091  1.877995   
13     61.0  0.557272  1.690303 -4.328816 -0.142182  0.716857  1.761816   
14     61.0  0.323722  1.149349 -1.684521 -0.618276  0.309416  1.169245   
15     61.0  0.407146  1.374748 -1.802042 -0.585656  0.146173  1.319203   
16     61.0  0.577889  1.063415 -1.205715 -0.232485  0.587620  1.481766   
17     61.0  0.411344  1.427957 -2.587514 -0.883339  0.292837  1.449844   
18     60.0 -0.006433  1.577713 -4.155692 -1.077634  0.202236  1.265829   
19     60.0 -0.297971  1.338276 -4.501371 -1.194183 -0.168963  0.630880   
20     60.0  0.063675  1.558927 -3.274543 -1.029417 -0.075885  1.387221   
21     60.0 -0.480630  1.317245 -3.217127 -1.391676 -0.396885  0.479458   
22     60.0 -1.022924  1.517995 -3.820808 -2.100134 -1.411532  0.138689   
23     60.0 -0.976866  0.837841 -2.758679 -1.657281 -0.941448 -0.312577   

           max  
hist            
00    3.609376  
01    3.125225  
02    1.798116  
03    3.579448  
04    3.432283  
05    2.503069  
06    4.069995  
07    5.219044  
08    3.751459  
09    3.582493  
10    5.372328  
11    2.959237  
12    3.829831  
13    2.835392  
14    2.974802  
15    3.638276  
16    2.592223  
17    3.624445  
18    2.465981  
19    2.824517  
20    2.883503  
21    2.568155  
22    2.587706  
23    0.754634  

us-west-2
      count      mean       std       min       25%       50%       75%  \
hist                                                                      
00     60.0 -0.233173  1.581869 -2.946546 -1.477299 -0.411750  0.715749   
01     60.0 -0.347822  1.387524 -2.577466 -1.437629 -0.594646  0.676552   
02     60.0 -0.185801  1.442379 -2.895876 -1.257861 -0.181198  0.406320   
03     60.0 -0.300522  1.401181 -5.963413 -0.989247 -0.185873  0.603402   
04     60.0 -0.304262  0.959192 -3.001225 -0.866210 -0.301297  0.292072   
05     60.0 -0.864275  1.315445 -3.977462 -1.472944 -0.984680 -0.330257   
06     60.0 -0.187562  1.305356 -3.669715 -1.100315 -0.163208  0.754157   
07     61.0  0.449976  1.285763 -1.874302 -0.300491  0.286639  1.182577   
08     61.0 -0.139842  1.588396 -3.497494 -1.317463 -0.020015  1.110287   
09     61.0  0.516626  1.286896 -1.950470 -0.306937  0.545624  1.405822   
10     61.0  0.526513  1.265715 -1.690602 -0.290669  0.335904  1.536144   
11     61.0  0.007578  1.224700 -3.308961 -0.958263  0.258384  0.868793   
12     61.0  0.053908  1.218913 -2.045412 -0.856111 -0.171201  0.968804   
13     61.0  0.536578  1.547655 -3.462763 -0.269718  0.903595  1.812744   
14     61.0 -0.254612  1.450586 -3.906375 -0.969044 -0.428148  0.471702   
15     61.0  0.511462  1.523422 -3.475586 -0.486428  0.483469  1.897917   
16     61.0  0.168574  0.954967 -1.929923 -0.542047  0.261070  0.837948   
17     61.0  0.364546  1.117161 -2.176506 -0.316157  0.515496  1.041694   
18     60.0 -0.227516  1.231916 -3.174618 -0.845262 -0.268549  0.289245   
19     60.0  0.083616  1.380010 -2.332329 -1.304055  0.092102  0.677908   
20     60.0  0.177569  1.732840 -3.156794 -1.185541  0.051603  1.243451   
21     60.0 -0.774089  1.405547 -3.651929 -1.646932 -0.787265  0.267814   
22     60.0  0.496726  1.226952 -1.733567 -0.051730  0.319497  1.061406   
23     60.0 -0.059217  1.465360 -2.816004 -1.181686 -0.099497  1.200356   

           max  
hist            
00    5.180492  
01    3.007921  
02    3.019592  
03    2.002927  
04    2.030646  
05    2.517587  
06    2.937687  
07    3.970544  
08    3.083782  
09    3.296839  
10    3.272928  
11    1.904463  
12    3.067387  
13    2.926346  
14    3.533291  
15    2.888034  
16    2.253195  
17    2.698219  
18    4.082083  
19    3.360697  
20    5.033109  
21    1.879812  
22    4.837442  
23    2.716201  

