ap-south-1
      count       mean       std        min        25%        50%        75%  \
hist                                                                           
1       9.0  70.845593  1.490836  69.404593  69.648906  70.026132  72.359642   
2       9.0  70.813228  1.481120  69.441602  69.666225  70.103468  72.466414   
3       9.0  70.779950  1.466892  69.461412  69.688490  70.186362  72.236443   
4       9.0  70.751407  1.451941  69.399357  69.744696  70.190061  71.951635   
5       9.0  70.726901  1.438367  69.348228  69.825616  70.032389  71.674253   
6       8.0  70.738106  1.516809  69.331210  69.790706  69.888805  71.765606   
7       8.0  70.698852  1.497123  69.356007  69.715382  69.906552  71.568710   

            max  
hist             
1     73.107619  
2     73.174328  
3     73.195409  
4     73.183402  
5     73.149347  
6     73.087086  
7     72.988033  

ap-southeast-2
      count       mean       std        min        25%        50%        75%  \
hist                                                                           
1       9.0  71.252735  1.423697  69.493263  70.583710  70.866877  71.097673   
2       9.0  71.194438  1.363160  69.543375  70.601929  70.885552  71.097394   
3       9.0  71.141923  1.291546  69.668762  70.677221  70.883894  71.083275   
4       9.0  71.092286  1.216770  69.735163  70.698459  70.878457  71.035096   
5       9.0  71.044654  1.141106  69.578807  70.732581  70.902831  70.952480   
6       8.0  71.011431  1.138494  69.510391  70.633492  70.856178  71.131676   
7       8.0  70.954062  1.071159  69.491307  70.618514  70.859725  71.008426   

            max  
hist             
1     74.066911  
2     73.955974  
3     73.839196  
4     73.715086  
5     73.582307  
6     73.439551  
7     73.287538  

ca-central-1
      count       mean       std        min        25%        50%        75%  \
hist                                                                           
1       9.0  67.960997  1.225354  66.386876  66.983594  67.878292  69.064655   
2       9.0  67.916943  1.205247  66.390874  67.195620  67.618594  68.969273   
3       9.0  67.863240  1.189241  66.387163  67.337533  67.401735  68.844768   
4       9.0  67.814394  1.177803  66.369584  67.089452  67.607625  68.709262   
5       8.0  67.862493  1.211499  66.361264  66.799082  67.894918  68.722782   
6       8.0  67.831909  1.184212  66.362474  66.709633  67.926842  68.555890   
7       9.0  67.999480  1.244546  66.375452  66.802989  68.115108  69.135706   

            max  
hist             
1     69.619618  
2     69.603937  
3     69.586187  
4     69.566164  
5     69.544943  
6     69.524422  
7     69.633760  

ap-northeast-1
      count       mean       std        min        25%        50%        75%  \
hist                                                                           
1       9.0  69.334684  0.591574  68.163305  69.335477  69.497853  69.713211   
2       9.0  69.343639  0.585767  68.135438  69.157607  69.511585  69.716978   
3       9.0  69.348893  0.584464  68.146698  68.931061  69.536558  69.719055   
4       9.0  69.341553  0.601801  68.163026  68.948559  69.605553  69.718744   
5       9.0  69.337126  0.611411  68.211472  69.036450  69.640778  69.715437   
6       8.0  69.293558  0.631348  68.311041  68.955549  69.578598  69.688144   
7       8.0  69.302860  0.628370  68.250632  69.068489  69.518568  69.715483   

            max  
hist             
1     69.967531  
2     69.945712  
3     69.920435  
4     69.961455  
5     69.978065  
6     69.977841  
7     69.974231  

us-east-1
      count       mean       std        min        25%        50%        75%  \
hist                                                                           
1       9.0  70.397280  1.083693  69.026559  69.577087  70.099063  71.100240   
2       9.0  70.353719  1.045291  69.076860  69.653610  70.040639  70.942704   
3       9.0  70.317125  1.005094  69.149197  69.728515  70.036113  70.774475   
4       9.0  70.285764  0.961295  69.110039  69.801277  70.095801  70.609560   
5       8.0  70.297508  0.973345  69.035219  69.740370  70.172231  70.693013   
6       8.0  70.246508  0.942946  68.992768  69.671896  70.160122  70.569248   
7       9.0  70.444306  1.122970  68.991277  69.626089  70.194127  71.241063   

            max  
hist             
1     72.303972  
2     72.204845  
3     72.107322  
4     72.011774  
5     71.918332  
6     71.827720  
7     72.404147  

eu-west-2
      count       mean       std        min        25%        50%        75%  \
hist                                                                           
1       9.0  67.272559  0.807139  66.203080  66.956783  67.217031  67.559318   
2       9.0  67.296499  0.854978  66.106547  66.899287  67.362747  67.561954   
3       9.0  67.319132  0.901633  66.007681  66.875634  67.395604  67.561789   
4       9.0  67.348997  0.942931  65.962510  66.813452  67.311952  67.616331   
5       9.0  67.383569  0.987110  65.973498  66.779533  67.223688  67.711526   
6       8.0  67.171656  0.767969  66.024890  66.813470  67.042724  67.604379   
7       8.0  67.202306  0.807772  66.104170  66.840794  67.051953  67.618287   

            max  
hist             
1     68.759124  
2     68.889438  
3     69.021266  
4     69.154009  
5     69.285996  
6     68.495709  
7     68.629212  

eu-central-1
      count       mean       std        min        25%        50%        75%  \
hist                                                                           
1       9.0  68.417721  0.728986  67.779840  67.979912  68.260439  68.446416   
2       9.0  68.381765  0.672564  67.742336  67.957775  68.294819  68.441046   
3       9.0  68.349983  0.617800  67.723622  67.928417  68.327132  68.445589   
4       9.0  68.320211  0.566328  67.720907  67.926493  68.364475  68.445180   
5       9.0  68.292666  0.518633  67.727377  67.935611  68.284774  68.417665   
6       8.0  68.251541  0.503362  67.737895  67.921051  68.129177  68.444020   
7       8.0  68.231634  0.456309  67.763054  67.925589  68.122459  68.450663   

            max  
hist             
1     70.072787  
2     69.932040  
3     69.786008  
4     69.635368  
5     69.480887  
6     69.322968  
7     69.161679  

sa-east-1
      count       mean       std        min        25%        50%        75%  \
hist                                                                           
1       9.0  65.901354  0.778117  65.116002  65.447256  65.608681  66.145002   
2       9.0  65.857670  0.731919  65.066614  65.401591  65.542957  66.113392   
3       9.0  65.817419  0.686746  65.029771  65.327889  65.562356  66.049057   
4       9.0  65.781998  0.641598  65.009242  65.392452  65.610736  66.028549   
5       8.0  65.791546  0.620671  65.042323  65.327054  65.755759  66.065868   
6       8.0  65.756773  0.576273  65.085939  65.299560  65.703834  66.041350   
7       9.0  65.943842  0.826015  65.136671  65.378305  65.655088  66.128712   

            max  
hist             
1     67.561017  
2     67.426341  
3     67.288929  
4     67.149699  
5     67.010006  
6     66.871170  
7     67.692834  

us-west-2
      count       mean       std        min        25%        50%        75%  \
hist                                                                           
1       9.0  70.526874  1.104881  69.447372  69.845915  70.105447  71.059007   
2       9.0  70.453458  1.037822  69.372268  69.794789  70.016019  70.945400   
3       9.0  70.377123  0.976613  69.294671  69.751852  70.013671  70.839184   
4       9.0  70.298638  0.917486  69.214489  69.657414  69.990500  70.730203   
5       8.0  70.364743  0.814763  69.570650  69.710418  70.187099  70.721694   
6       8.0  70.316493  0.757468  69.508106  69.757883  70.194629  70.635371   
7       9.0  70.597973  1.179550  69.479355  69.893626  70.291196  71.113412   

            max  
hist             
1     72.949303  
2     72.694748  
3     72.437234  
4     72.176669  
5     71.913009  
6     71.646039  
7     73.200839  

us-west-1
      count       mean       std        min        25%        50%        75%  \
hist                                                                           
1       9.0  69.548212  1.146788  68.001000  68.668579  69.225862  70.831979   
2       9.0  69.530406  1.138806  67.976123  68.559270  69.411780  70.771347   
3       9.0  69.504700  1.141696  67.992294  68.456498  69.529003  70.699504   
4       9.0  69.483200  1.139253  68.062586  68.490883  69.305928  70.607924   
5       8.0  69.416586  1.184263  68.182350  68.561836  68.942170  70.592601   
6       8.0  69.398245  1.150849  68.133651  68.630499  68.895177  70.465534   
7       9.0  69.559191  1.167634  68.059589  68.695016  69.042364  70.878017   

            max  
hist             
1     70.954873  
2     70.952598  
3     70.956662  
4     70.959812  
5     70.962525  
6     70.966151  
7     70.970743  

