asia-south1
      count        mean        std         min         25%         50%  \
hist                                                                     
00     61.0  503.157431  29.708837  461.625585  480.082181  487.445286   
01     61.0  503.093893  29.707493  461.360705  480.586883  487.643385   
02     61.0  503.027999  29.704228  461.092992  481.623548  487.319116   
03     61.0  502.960691  29.700551  460.822365  482.229681  486.913260   
04     61.0  502.892924  29.697513  460.548836  482.060697  486.967765   
05     61.0  502.825240  29.694979  460.272557  481.750670  487.429939   
06     60.0  503.470779  29.412189  465.776652  481.819690  487.858370   
07     60.0  503.406377  29.406975  465.609996  481.458658  487.724098   
08     60.0  503.343531  29.402486  465.421739  481.258200  487.522140   
09     60.0  503.282515  29.398606  465.220314  481.549259  487.636156   
10     60.0  503.223223  29.394997  465.010547  481.603770  487.838826   
11     60.0  503.165456  29.391388  464.794588  481.833850  487.919122   
12     60.0  503.109056  29.388136  464.573483  481.560357  487.908062   
13     60.0  503.053997  29.385975  464.347815  481.377277  487.894685   
14     60.0  503.000142  29.385588  464.117883  481.377776  487.938491   
15     60.0  502.947309  29.387452  463.883832  481.027264  487.928631   
16     60.0  502.895162  29.391587  463.645784  480.806977  487.916199   
17     60.0  502.843147  29.397474  463.403974  480.636315  487.903377   
18     60.0  502.790745  29.404567  463.158602  480.465997  487.887822   
19     61.0  503.439581  29.676885  462.909967  480.338344  488.347440   
20     61.0  503.386407  29.685759  462.658354  480.400987  488.176065   
21     61.0  503.332146  29.694465  462.404057  480.296651  487.680320   
22     61.0  503.276264  29.702029  462.147216  480.206820  487.831755   
23     61.0  503.218165  29.707096  461.887741  480.134091  487.717312   

             75%         max  
hist                          
00    541.157083  562.618920  
01    541.395449  562.186534  
02    541.221806  561.657842  
03    541.042996  561.461190  
04    540.874291  561.817047  
05    540.731574  562.163525  
06    541.012762  562.490008  
07    540.871951  562.786075  
08    540.746686  563.042707  
09    540.631138  563.248627  
10    540.520946  563.398056  
11    540.324584  563.495441  
12    540.025558  563.552806  
13    539.980882  563.582307  
14    540.250377  563.594077  
15    540.418665  563.593841  
16    540.425528  563.582192  
17    540.400126  563.559754  
18    540.446232  563.527712  
19    541.117003  563.485485  
20    540.289715  563.427231  
21    540.377218  563.335173  
22    540.547043  563.185145  
23    540.807815  562.952212  

asia-northeast1
      count        mean        std         min         25%         50%  \
hist                                                                     
00     61.0  508.941815  48.852735  324.118535  490.733291  504.186994   
01     61.0  508.767003  49.036952  324.334399  490.188358  503.826716   
02     61.0  508.587140  49.247243  324.555673  490.582095  504.700299   
03     61.0  508.401217  49.491267  324.080582  491.009014  504.647725   
04     61.0  508.210489  49.770494  323.504469  490.657277  504.318844   
05     61.0  508.019690  50.074082  323.006054  490.455351  503.890106   
06     61.0  507.835795  50.375934  322.589437  491.053022  503.636633   
07     61.0  507.661367  50.644667  322.259418  491.796592  503.258603   
08     61.0  507.489565  50.861844  322.014621  491.847019  502.845716   
09     61.0  507.309517  51.029352  321.847574  491.315204  502.805031   
10     60.0  510.124243  45.824410  321.749993  491.641768  502.967485   
11     60.0  509.909674  45.975239  321.868949  491.194987  503.118037   
12     60.0  509.689683  46.123981  322.006734  491.574417  503.331233   
13     60.0  509.474391  46.280805  322.152739  491.384715  503.415656   
14     60.0  509.271349  46.444532  322.302757  491.235109  503.562947   
15     60.0  509.083526  46.609644  322.456590  491.149761  503.706896   
16     60.0  508.908828  46.773556  322.615328  490.951914  503.238366   
17     60.0  508.742689  46.936580  322.780201  490.958707  502.548617   
18     60.0  508.581418  47.100458  322.951813  491.098973  503.004306   
19     60.0  508.422577  47.267399  323.130204  491.177804  503.648034   
20     60.0  508.264766  47.438656  323.315154  491.495330  504.298614   
21     60.0  508.107438  47.614934  323.506541  491.572868  504.496876   
22     60.0  507.950606  47.796570  323.704339  491.703258  504.211609   
23     61.0  509.114067  48.685844  323.908416  492.155217  504.509229   

             75%         max  
hist                          
00    552.020196  586.836747  
01    552.154562  585.561007  
02    552.358945  584.289943  
03    550.979584  583.023427  
04    548.745050  581.761602  
05    546.551204  580.504766  
06    546.423816  579.253185  
07    547.113199  578.007214  
08    547.848090  577.498177  
09    548.596648  577.823326  
10    549.714130  578.088368  
11    550.083780  578.272504  
12    549.828396  578.357907  
13    549.515448  578.340792  
14    549.210344  578.241023  
15    548.912813  578.086720  
16    548.441261  577.890727  
17    547.996390  577.656761  
18    547.588403  577.388763  
19    547.221406  577.087861  
20    546.904512  576.740361  
21    546.649833  576.331706  
22    546.465402  576.027149  
23    551.944572  588.117456  

europe-west2
      count        mean        std         min         25%         50%  \
hist                                                                     
00     61.0  496.373013  49.138434  292.751061  481.820896  490.964019   
01     61.0  496.219585  49.376007  292.227299  481.749489  491.077274   
02     60.0  499.464474  42.254522  305.638405  482.249210  491.480115   
03     60.0  499.300065  42.553341  304.943326  482.374622  491.423752   
04     60.0  499.119198  42.904800  304.286053  482.625183  491.198728   
05     60.0  498.919321  43.323993  303.649705  481.840477  491.100622   
06     60.0  498.703672  43.808492  303.025417  481.302845  491.253134   
07     60.0  498.484504  44.321202  302.409589  481.241099  491.238893   
08     60.0  498.278117  44.800584  301.800695  481.466977  491.247676   
09     60.0  498.092141  45.206677  301.197991  481.755378  491.270975   
10     60.0  497.921153  45.542558  300.600833  482.009529  491.298158   
11     60.0  497.751848  45.830100  300.008735  481.925236  491.319801   
12     60.0  497.572187  46.084205  299.421340  481.644914  491.142451   
13     60.0  497.367955  46.313917  298.838497  481.585004  490.296233   
14     60.0  497.130410  46.535745  298.260215  480.653510  490.393246   
15     61.0  497.908052  47.077060  297.686632  480.431854  490.743344   
16     61.0  497.669073  47.332309  297.117934  480.658710  490.851201   
17     61.0  497.455581  47.583485  296.554312  480.893560  490.657807   
18     61.0  497.270431  47.820605  295.995847  480.613785  490.546612   
19     61.0  497.106718  48.044819  295.442542  479.872303  490.510439   
20     61.0  496.955659  48.262271  294.894285  479.932234  490.536452   
21     61.0  496.810265  48.477327  294.351044  480.102283  490.455951   
22     61.0  496.666385  48.692944  293.812800  480.666873  490.679133   
23     61.0  496.521367  48.912130  293.279500  481.590878  490.836438   

             75%         max  
hist                          
00    529.822262  577.128985  
01    529.418683  576.887299  
02    529.166487  576.569883  
03    528.942603  576.181227  
04    528.811333  575.727576  
05    528.766989  575.213417  
06    528.801300  574.645425  
07    528.908953  574.035944  
08    529.088752  573.400903  
09    529.342003  572.784909  
10    529.667401  573.430649  
11    530.060136  574.065921  
12    530.510766  574.686626  
13    531.008676  575.283794  
14    531.547142  575.842585  
15    532.151060  576.228953  
16    532.798942  576.568387  
17    533.489281  576.857053  
18    533.475628  577.087381  
19    532.769011  577.253766  
20    532.089763  577.358258  
21    531.508516  577.402995  
22    530.849248  577.384156  
23    530.303667  577.294086  

australia-southeast1
      count        mean        std         min         25%         50%  \
hist                                                                     
00     61.0  433.916749  25.987793  332.609042  419.259436  428.013119   
01     61.0  433.796655  26.204525  329.949113  419.502113  427.999325   
02     61.0  433.676499  26.430696  327.289882  419.843063  427.966318   
03     61.0  433.556280  26.666245  324.631349  419.624704  427.927673   
04     61.0  433.436214  26.910607  321.973415  419.177673  427.867381   
05     61.0  433.316413  27.163110  319.315750  419.135551  427.794842   
06     61.0  433.196614  27.423643  316.657927  418.885115  427.711610   
07     61.0  433.076309  27.692401  313.999505  418.884197  427.619006   
08     61.0  432.954986  27.969657  311.340090  418.887161  427.746877   
09     61.0  432.832181  28.255742  308.679394  418.773281  427.891327   
10     61.0  432.707876  28.550819  306.017233  418.632732  427.993403   
11     60.0  434.736072  23.641306  366.938413  420.287152  427.911676   
12     60.0  434.651662  23.787899  364.344141  420.111531  427.952793   
13     60.0  434.567004  23.939656  361.736840  419.990274  428.058450   
14     60.0  434.481672  24.095764  359.118339  419.874015  428.069716   
15     60.0  434.394820  24.255192  356.490586  419.757401  428.056128   
16     60.0  434.305123  24.417614  353.854676  419.637360  427.906102   
17     60.0  434.211364  24.584187  351.211638  419.509006  427.946715   
18     60.0  434.112399  24.756274  348.562557  419.367752  427.915351   
19     60.0  434.007594  24.934147  345.908637  419.209242  427.960777   
20     60.0  433.897029  25.117636  343.251168  419.030324  427.995634   
21     60.0  433.781780  25.306928  340.591422  418.922235  428.015979   
22     60.0  433.663187  25.502430  337.930578  419.003507  428.013901   
23     60.0  433.542568  25.704625  335.269599  419.112992  428.025278   

             75%         max  
hist                          
00    460.796888  493.825899  
01    461.008841  493.573349  
02    461.194152  493.254923  
03    459.902468  492.878134  
04    459.087100  492.442881  
05    459.251960  491.941965  
06    459.407729  491.365239  
07    458.624041  490.709526  
08    457.832066  489.974917  
09    457.107717  489.152361  
10    456.458495  488.228063  
11    456.758695  487.187580  
12    456.446509  486.017547  
13    456.804390  485.572747  
14    457.206392  487.021464  
15    457.654515  488.415360  
16    458.151471  489.712404  
17    458.566549  490.883521  
18    458.692741  491.905172  
19    458.701694  492.747390  
20    458.749705  493.382337  
21    458.811570  493.794463  
22    458.873131  493.986921  
23    458.964572  493.983122  

northamerica-northeast1
      count        mean        std         min         25%         50%  \
hist                                                                     
00     60.0  464.834715  17.557456  443.467568  452.262115  455.463325   
01     60.0  464.817739  17.554274  443.267517  452.294109  455.552901   
02     60.0  464.800724  17.551109  443.104885  452.314974  455.579905   
03     60.0  464.783818  17.547860  442.975665  452.354508  455.519918   
04     60.0  464.767167  17.544413  442.876406  452.375903  455.669787   
05     60.0  464.750781  17.540667  442.804273  452.379022  455.679429   
06     60.0  464.734543  17.536227  442.758535  452.366208  455.684377   
07     60.0  464.718323  17.530420  442.742808  452.381854  455.868073   
08     60.0  464.701887  17.522473  442.758578  452.505706  456.084326   
09     60.0  464.685153  17.511935  442.805807  452.460033  456.193705   
10     61.0  464.956218  17.496304  442.795698  452.502583  456.384235   
11     61.0  464.945661  17.485963  442.795808  452.468606  456.632884   
12     61.0  464.936649  17.475011  442.822894  452.435970  456.877365   
13     61.0  464.929569  17.464668  442.875095  452.405468  457.119987   
14     61.0  464.924223  17.455672  442.948715  452.378457  457.248446   
15     61.0  464.919941  17.448322  443.039080  452.357650  456.962605   
16     61.0  464.915671  17.442475  443.142520  452.344724  456.685688   
17     61.0  464.910614  17.437755  443.257279  452.339941  456.436008   
18     61.0  464.904260  17.433656  443.381796  452.345674  456.173450   
19     61.0  464.896432  17.429715  443.516381  452.365995  455.899591   
20     61.0  464.887250  17.425601  443.662372  452.407138  455.627913   
21     60.0  464.882021  17.568440  443.819018  452.470676  455.364588   
22     60.0  464.867157  17.564437  443.968067  452.363008  455.249073   
23     60.0  464.851326  17.560774  443.703635  452.274165  455.349208   

             75%         max  
hist                          
00    484.555761  498.159799  
01    484.159788  497.974258  
02    483.775109  497.771831  
03    483.959273  497.561827  
04    484.269004  497.355337  
05    484.567740  497.162387  
06    484.846104  497.214832  
07    485.118444  497.478531  
08    485.380447  497.708129  
09    485.629186  497.905170  
10    484.915428  498.074735  
11    485.180333  498.222062  
12    485.422029  498.350961  
13    485.648209  498.464336  
14    485.583724  498.561316  
15    484.710121  498.639399  
16    484.925288  498.698246  
17    485.346719  498.735002  
18    485.765331  498.746240  
19    486.181078  498.727991  
20    485.786470  498.675939  
21    485.653638  498.588609  
22    485.300714  498.469630  
23    484.939517  498.325375  

europe-west3
      count        mean        std         min         25%         50%  \
hist                                                                     
00     61.0  484.611329  25.130136  438.154078  471.101216  480.175083   
01     61.0  484.568199  25.105096  438.444619  469.830310  480.234319   
02     61.0  484.525076  25.080998  438.803579  468.531697  480.453765   
03     60.0  484.889545  25.063355  439.221132  469.912598  480.639518   
04     60.0  484.835879  25.049922  439.687745  469.609074  480.714336   
05     60.0  484.781934  25.037018  439.897427  469.299274  480.727876   
06     60.0  484.728776  25.023961  439.999296  469.266834  480.690367   
07     60.0  484.677257  25.009964  440.127240  468.900377  480.588541   
08     60.0  484.627696  24.994368  440.274541  469.193763  480.515640   
09     60.0  484.580063  24.977154  440.435603  469.507612  480.352286   
10     60.0  484.534161  24.959176  440.608861  469.573617  480.178945   
11     60.0  484.489785  24.942222  440.797824  469.020305  479.978980   
12     60.0  484.446727  24.928170  440.921470  468.567383  479.787954   
13     60.0  484.404268  24.917773  440.360878  468.418160  479.598122   
14     60.0  484.361021  24.910167  439.803939  468.339547  479.617449   
15     60.0  484.315864  24.902535  439.278266  468.891076  479.632624   
16     61.0  485.022152  25.375166  438.810798  470.251968  480.469389   
17     61.0  484.966912  25.349339  438.420743  470.701793  479.799793   
18     61.0  484.910570  25.318623  438.117121  470.560087  479.160265   
19     61.0  484.854600  25.284700  437.901673  470.487963  479.428324   
20     61.0  484.800591  25.250277  437.776960  470.655018  479.487574   
21     61.0  484.749340  25.217174  437.744550  471.238649  479.029581   
22     61.0  484.701051  25.185881  437.800387  470.943864  479.420024   
23     61.0  484.655315  25.156896  437.937882  470.926702  479.779612   

             75%         max  
hist                          
00    508.125477  531.140474  
01    507.605317  531.216163  
02    508.287384  531.481983  
03    508.701185  531.761843  
04    508.784788  532.056040  
05    508.840491  532.355125  
06    508.650969  532.642483  
07    508.442438  532.901787  
08    508.262043  533.120921  
09    508.120994  533.292903  
10    508.031674  533.417713  
11    507.832586  533.497875  
12    507.686181  533.538942  
13    507.606330  533.541656  
14    507.117260  533.504518  
15    506.596146  533.432391  
16    508.496122  533.325789  
17    508.695046  533.177484  
18    508.408418  532.984036  
19    508.175461  532.747006  
20    508.024886  532.467432  
21    507.974432  532.152751  
22    508.036856  531.816397  
23    508.116637  531.475345  

us-east4
      count        mean        std         min         25%         50%  \
hist                                                                     
00     60.0  483.687740  31.374687  436.875451  461.631846  474.501594   
01     60.0  483.642144  31.340788  437.039198  461.846886  473.878798   
02     60.0  483.598067  31.304869  437.314875  462.043362  473.082523   
03     60.0  483.555629  31.268509  437.685306  462.163566  472.765440   
04     60.0  483.514810  31.232680  438.132412  462.165854  472.816350   
05     60.0  483.475791  31.198174  438.639375  461.788961  472.505698   
06     60.0  483.439105  31.165584  439.193180  461.338587  472.255481   
07     60.0  483.405269  31.135772  439.785640  460.714701  471.975572   
08     60.0  483.373617  31.108154  440.407296  460.436834  472.155683   
09     60.0  483.341940  31.079543  441.043254  459.811815  472.095038   
10     61.0  484.208515  31.580502  441.262752  458.894312  472.339308   
11     61.0  484.167236  31.537855  441.159611  458.614319  472.243573   
12     61.0  484.121109  31.489475  441.126943  459.008788  472.057057   
13     61.0  484.070476  31.437136  441.147127  458.591737  471.786103   
14     61.0  484.017032  31.384853  441.092181  458.424483  472.380268   
15     61.0  483.963937  31.338298  440.367070  459.533351  473.668442   
16     61.0  483.913229  31.300495  439.674612  460.246754  474.315826   
17     61.0  483.865216  31.271459  439.030927  461.053526  473.754735   
18     61.0  483.819554  31.249730  438.442765  461.925096  473.335066   
19     61.0  483.775904  31.233014  437.920553  461.614424  474.043474   
20     61.0  483.733837  31.218318  437.483206  461.387805  474.952858   
21     60.0  483.831694  31.446915  437.149226  461.337992  475.692270   
22     60.0  483.782743  31.428507  436.930114  461.482880  475.815499   
23     60.0  483.734694  31.404450  436.837072  461.657503  475.143354   

             75%         max  
hist                          
00    513.043378  560.791850  
01    512.159011  560.260035  
02    510.970727  559.668916  
03    510.194680  559.053537  
04    510.526032  558.421187  
05    509.853682  557.759419  
06    508.960351  557.051289  
07    509.851958  556.297568  
08    510.720317  555.495426  
09    510.092195  554.616194  
10    510.691524  553.597116  
11    511.219689  552.465814  
12    511.642258  554.034664  
13    511.949721  555.450434  
14    512.131098  556.730612  
15    512.919649  557.904933  
16    513.725855  558.961578  
17    514.479298  559.864378  
18    515.176804  560.590630  
19    515.179877  561.122393  
20    515.096729  561.446312  
21    515.041448  561.563337  
22    514.443290  561.481437  
23    513.773093  561.214643  

southamerica-east1
      count        mean        std         min         25%         50%  \
hist                                                                     
00     60.0  456.228409  37.694159  274.371933  443.525906  450.531025   
01     60.0  456.055167  38.056720  273.794395  443.583190  450.305927   
02     60.0  455.880262  38.415122  273.218466  443.600523  450.092512   
03     60.0  455.705806  38.763931  272.645048  443.162693  450.223777   
04     60.0  455.532327  39.103184  272.074849  443.134958  450.319967   
05     60.0  455.358414  39.439236  271.508369  443.201779  450.588147   
06     60.0  455.182036  39.779059  270.945812  443.280502  450.785952   
07     60.0  455.002054  40.124751  270.387292  443.365542  450.336419   
08     60.0  454.818289  40.475455  269.832854  443.451556  450.140482   
09     60.0  454.631237  40.827880  269.282260  443.532697  449.812712   
10     60.0  454.441535  41.176961  268.735061  443.565718  449.434395   
11     61.0  454.874896  41.455920  268.190719  443.760909  449.829767   
12     61.0  454.704937  41.785545  267.648703  444.023923  449.514433   
13     61.0  454.544881  42.086618  267.108534  443.928225  449.254733   
14     61.0  454.398706  42.355741  266.569759  443.835446  449.411100   
15     61.0  454.265656  42.599428  266.031980  443.983831  449.033860   
16     61.0  454.141594  42.830390  265.494931  444.211463  448.905472   
17     61.0  454.022430  43.058177  264.958476  444.313585  448.535379   
18     61.0  453.904940  43.288015  264.422578  444.378477  448.948268   
19     61.0  453.785142  43.524594  263.887236  444.823227  449.486485   
20     61.0  453.658358  43.773302  263.352383  444.651687  449.477625   
21     61.0  453.520464  44.039412  262.817838  444.195873  449.970283   
22     60.0  456.553842  36.999312  275.527234  443.992796  450.563043   
23     60.0  456.396154  37.337738  274.949990  443.749315  450.651123   

             75%         max  
hist                          
00    480.286615  518.967263  
01    480.176462  519.421719  
02    480.120671  519.771410  
03    480.123288  519.999658  
04    480.184380  520.097559  
05    480.302015  520.063473  
06    480.470909  519.900513  
07    480.686691  519.620986  
08    480.943343  519.246175  
09    481.232225  518.798179  
10    481.548297  518.293814  
11    481.704717  517.738069  
12    481.530083  517.135583  
13    481.337141  516.497812  
14    481.122138  515.838899  
15    480.884552  515.170727  
16    480.625951  514.499848  
17    480.352860  514.428087  
18    480.072330  515.117948  
19    479.792856  515.809225  
20    479.530831  516.496925  
21    479.302557  517.172891  
22    480.637764  517.823034  
23    480.443334  518.427806  

us-west4
      count        mean        std         min         25%         50%  \
hist                                                                     
00     60.0  471.681345  18.651830  433.923967  460.503993  467.277898   
01     60.0  471.648074  18.638270  434.589005  460.314853  467.209134   
02     60.0  471.613114  18.621660  435.314179  460.070707  467.255401   
03     60.0  471.576705  18.601571  434.691168  460.062360  467.297908   
04     60.0  471.539760  18.577708  434.069030  460.009782  467.378244   
05     60.0  471.503553  18.550275  433.511383  459.984775  467.608035   
06     60.0  471.469072  18.519975  433.022202  459.842833  467.823619   
07     61.0  472.050574  18.950469  432.602706  459.789276  468.083844   
08     61.0  472.014069  18.906666  432.251974  459.691444  468.400341   
09     61.0  471.980010  18.863997  431.966504  459.671536  468.724117   
10     61.0  471.947953  18.823688  431.742524  459.556865  468.697478   
11     61.0  471.917457  18.786350  431.574646  459.526802  468.494202   
12     61.0  471.888105  18.752095  431.454106  459.719324  468.320496   
13     61.0  471.859594  18.720851  431.370625  460.062706  468.143777   
14     61.0  471.831611  18.692620  431.316954  460.477360  467.905227   
15     61.0  471.803839  18.667084  431.294384  460.730354  467.905082   
16     61.0  471.776111  18.644017  431.310536  460.489375  467.798287   
17     61.0  471.748404  18.623190  431.376853  460.106148  467.713252   
18     60.0  471.874692  18.722132  431.508086  460.188720  467.805856   
19     60.0  471.840068  18.708297  431.715190  460.412361  467.736745   
20     60.0  471.806880  18.695568  432.000364  460.463207  467.664144   
21     60.0  471.775062  18.683991  432.363894  460.488598  467.580472   
22     60.0  471.744082  18.673465  432.806157  460.506010  467.430407   
23     60.0  471.713141  18.663162  433.327439  460.512196  467.322700   

             75%         max  
hist                          
00    482.644465  516.424423  
01    482.944273  516.656884  
02    483.206477  516.883507  
03    483.114379  517.103352  
04    483.012703  517.318161  
05    483.164926  517.529669  
06    483.451189  517.737435  
07    484.921210  517.938293  
08    484.741845  518.128846  
09    484.355593  518.305161  
10    484.823156  518.461374  
11    485.392118  518.592619  
12    485.968889  518.689387  
13    486.130990  518.742166  
14    486.280323  518.743719  
15    486.412440  518.684898  
16    486.336917  518.561418  
17    485.957757  518.367644  
18    485.862862  518.095591  
19    485.070204  517.741840  
20    483.684693  517.304548  
21    482.742737  516.785623  
22    482.653967  516.184916  
23    482.585172  516.187942  

us-west2
      count        mean        std         min         25%         50%  \
hist                                                                     
00     60.0  498.436916  60.689978  286.976190  482.306554  498.063784   
01     60.0  498.236154  60.894866  286.958892  482.139044  497.482607   
02     60.0  498.013079  61.115390  286.945977  482.250605  497.021651   
03     60.0  497.788972  61.344128  286.936759  482.290900  497.190152   
04     60.0  497.577723  61.570190  286.930629  481.812871  497.510524   
05     60.0  497.383270  61.786530  286.927121  481.494150  497.690711   
06     60.0  497.204235  61.991699  286.925985  481.483302  497.152197   
07     61.0  497.788619  61.945808  286.926991  481.987251  497.358803   
08     61.0  497.635557  62.135287  286.929986  482.246950  497.868487   
09     61.0  497.490662  62.319968  286.934862  482.539398  498.397984   
10     61.0  497.349837  62.500242  286.941481  482.927024  498.937856   
11     61.0  497.208576  62.677015  286.949757  483.241040  499.470363   
12     61.0  497.064088  62.853702  286.959679  483.155810  499.917872   
13     61.0  496.915419  63.035923  286.971268  482.926491  499.882619   
14     61.0  496.760961  63.228748  286.984608  482.665649  499.504235   
15     61.0  496.598307  63.439259  286.999855  482.385896  499.230020   
16     61.0  496.424389  63.678617  287.017191  482.103513  499.581069   
17     61.0  496.235450  63.960332  287.036784  481.834841  499.864009   
18     60.0  499.513000  58.747013  287.239702  484.427445  499.870982   
19     60.0  499.294966  59.176314  287.164884  484.086888  499.751514   
20     60.0  499.085647  59.605409  287.107042  483.732290  499.570494   
21     60.0  498.904568  59.974705  287.062428  483.359584  499.640287   
22     60.0  498.751809  60.261541  287.026983  482.965091  499.518299   
23     60.0  498.604901  60.487828  286.998612  482.636718  498.563580   

             75%         max  
hist                          
00    517.445405  615.937913  
01    516.804401  615.442127  
02    516.200210  618.130387  
03    515.659250  620.425236  
04    515.921327  622.359133  
05    516.167920  623.983956  
06    516.444644  625.313400  
07    519.804577  626.365089  
08    520.525748  627.128770  
09    520.184893  627.593195  
10    518.728964  627.763210  
11    519.293650  627.667158  
12    519.815384  627.363800  
13    520.234599  626.925481  
14    520.544480  626.364144  
15    520.739877  625.677913  
16    520.819987  624.872873  
17    520.631234  623.961664  
18    520.126902  622.967570  
19    519.635792  621.919943  
20    519.188874  620.822687  
21    518.779831  619.675407  
22    518.406232  618.478634  
23    518.068491  617.232621  

ca-central-1
      count      mean       std       min       25%       50%       75%  \
hist                                                                      
00     60.0 -0.081355  1.621134 -4.907973 -1.144030 -0.174479  1.287993   
01     60.0  0.302137  1.560058 -2.748547 -0.837723  0.383009  1.132060   
02     60.0  0.121506  1.221219 -2.481926 -0.891160  0.100068  0.930104   
03     60.0 -0.555182  1.621664 -5.539621 -1.303427 -0.016095  0.546151   
04     60.0 -0.144047  1.845728 -3.090617 -1.381160 -0.496325  0.791352   
05     60.0  0.040785  1.129124 -2.702715 -0.661876 -0.037838  0.942891   
06     60.0  0.199675  1.162084 -1.867553 -0.580640  0.040732  0.722950   
07     60.0 -0.024503  1.966210 -3.599153 -1.568005 -0.026091  1.340798   
08     60.0 -0.794796  1.430425 -3.582381 -1.695598 -0.622895  0.195033   
09     60.0 -0.372663  1.571440 -2.571573 -1.536097 -0.644820  0.396784   
10     61.0 -0.180136  1.617594 -5.270144 -0.580691 -0.070634  1.020259   
11     61.0  0.559757  1.469657 -1.626947 -0.571869  0.085237  1.536365   
12     61.0  0.969811  1.459015 -2.415584  0.018230  0.783733  2.029164   
13     61.0  0.087411  0.845446 -1.546969 -0.606496  0.026447  0.701038   
14     61.0  0.438570  1.323321 -1.743106 -0.507012  0.267817  1.439098   
15     61.0  0.562446  1.636010 -3.109818 -0.516663  0.402717  1.365053   
16     61.0  0.550644  1.777111 -3.478399 -0.492760  0.727410  1.866657   
17     61.0  0.019540  1.214966 -3.207312 -0.733924 -0.142759  0.799159   
18     61.0 -0.171733  1.432737 -4.123849 -0.927210 -0.167469  0.995684   
19     61.0  0.323723  1.086211 -1.712765 -0.543931  0.181644  1.059426   
20     61.0 -0.408731  1.456313 -3.024049 -1.372071 -0.570920  0.563083   
21     60.0 -0.529880  1.182426 -3.614331 -1.052430 -0.443548 -0.004401   
22     60.0 -0.111857  0.939351 -2.034283 -0.864547 -0.102925  0.583776   
23     60.0 -0.702159  2.232590 -9.788841 -1.331617 -0.399299  0.402540   

           max  
hist            
00    2.923112  
01    3.498406  
02    2.482255  
03    2.180893  
04    5.262842  
05    2.457333  
06    4.337456  
07    4.488973  
08    2.279328  
09    4.075812  
10    2.055570  
11    4.213140  
12    3.943433  
13    1.756552  
14    3.480741  
15    4.538925  
16    3.621287  
17    2.457658  
18    2.099152  
19    2.963828  
20    3.825821  
21    2.914446  
22    1.522524  
23    3.682626  

ap-northeast-1
      count      mean       std       min       25%       50%       75%  \
hist                                                                      
00     61.0 -1.069563  0.841005 -2.450905 -1.698856 -1.145675 -0.547832   
01     61.0 -1.136823  1.324402 -4.342798 -1.761525 -1.079953 -0.389051   
02     61.0 -1.017046  1.527992 -4.966690 -1.793959 -1.019080 -0.248006   
03     61.0 -1.125844  0.809639 -2.691376 -1.733339 -1.194855 -0.471468   
04     61.0 -1.657743  1.503541 -3.744590 -2.628823 -2.049438 -0.857442   
05     61.0 -0.990260  0.927272 -2.322294 -1.696236 -1.116348 -0.632779   
06     61.0 -0.804084  0.950738 -3.264963 -1.534688 -0.805138 -0.286724   
07     61.0 -0.600917  1.141175 -3.185127 -1.626297 -0.444431  0.365526   
08     61.0 -0.042274  1.169025 -2.286563 -0.800682 -0.142754  0.769047   
09     61.0  1.055973  1.469264 -1.279406 -0.488299  0.945622  2.297978   
10     60.0  1.022977  1.393674 -1.141866  0.029556  0.738540  1.923239   
11     60.0  0.229733  0.965445 -2.177677 -0.220176  0.292119  0.931756   
12     60.0  0.991154  1.952535 -3.753711 -0.059845  1.218293  2.072699   
13     60.0  1.375065  1.420156 -1.572891  0.454585  1.155948  2.427172   
14     60.0  1.143448  1.107204 -1.075331  0.442672  0.928772  2.069320   
15     60.0  0.361698  1.471839 -2.164678 -0.804987  0.356711  1.609949   
16     60.0  0.591817  1.257120 -2.312154 -0.056955  0.654538  1.211603   
17     60.0  0.295874  1.031283 -1.818022 -0.396716  0.401018  1.138769   
18     60.0  1.730162  1.251712 -0.700744  0.908596  1.678892  2.455855   
19     60.0  0.373282  1.253804 -2.446214 -0.378694  0.345071  1.159055   
20     60.0  0.413999  1.535829 -2.941362 -0.713118  0.544630  1.503920   
21     60.0 -0.108526  1.184967 -2.692341 -1.205436  0.260810  0.857019   
22     60.0 -0.047986  1.654495 -3.398240 -1.085042  0.047073  1.007527   
23     61.0 -0.890296  1.092838 -3.074495 -1.750985 -0.928221 -0.116406   

           max  
hist            
00    1.072481  
01    1.710131  
02    1.941612  
03    0.709850  
04    3.030515  
05    1.162674  
06    1.284348  
07    1.417423  
08    2.282993  
09    3.550759  
10    4.084843  
11    1.985829  
12    5.678952  
13    4.250335  
14    3.131405  
15    3.328253  
16    3.740467  
17    2.158204  
18    5.138642  
19    4.320087  
20    4.257395  
21    1.756227  
22    3.760552  
23    1.256661  

ap-southeast-2
      count      mean       std       min       25%       50%       75%  \
hist                                                                      
00     61.0 -0.493664  1.543181 -4.204788 -1.588990 -0.904160  0.622816   
01     61.0 -0.875500  1.169183 -3.934503 -1.472653 -0.663345 -0.247678   
02     61.0 -0.687008  0.952315 -3.704816 -1.137293 -0.599251  0.010770   
03     61.0 -0.429692  1.264005 -3.282532 -1.500314 -0.257117  0.505545   
04     61.0 -1.174911  1.175811 -3.228200 -2.023492 -1.334499 -0.547865   
05     61.0 -0.633870  1.308442 -2.823508 -1.636213 -0.597923  0.079290   
06     61.0 -0.269317  0.980329 -2.084203 -1.092661 -0.420655  0.521715   
07     61.0 -0.062326  1.362689 -3.117903 -0.927578  0.028198  0.846492   
08     61.0  0.664626  1.328622 -3.238186  0.098329  0.529444  1.397443   
09     61.0  0.067855  1.409210 -3.463481 -0.591645  0.234637  1.073166   
10     61.0  0.207807  1.602220 -3.118231 -0.674282  0.303332  1.279060   
11     60.0  0.309507  1.032033 -1.287488 -0.391548  0.063827  0.686110   
12     60.0  1.213380  0.937674 -1.503092  0.693270  1.185651  1.940347   
13     60.0  0.070951  1.333478 -2.830661 -0.791820 -0.015185  1.052852   
14     60.0  0.799697  1.347361 -4.249948  0.050894  0.933682  1.592302   
15     60.0  0.376588  1.167316 -1.819550 -0.515334  0.294629  1.542380   
16     60.0  0.872094  1.557102 -2.032021 -0.555068  0.893963  2.219181   
17     60.0  0.352045  1.239863 -2.409636 -0.132155  0.532863  1.107915   
18     60.0  0.561247  1.383690 -2.367421 -0.413678  0.159061  1.638384   
19     60.0 -0.026789  1.748832 -2.855342 -1.056344 -0.248423  0.762877   
20     60.0  0.301537  1.392432 -2.930740 -0.678981  0.221717  1.320577   
21     60.0 -0.347164  1.275753 -3.902919 -1.344193 -0.017577  0.572669   
22     60.0 -0.251996  1.218558 -2.957955 -0.949529 -0.338170  0.441730   
23     60.0 -0.556318  1.184698 -3.830132 -1.180081 -0.543129  0.080052   

           max  
hist            
00    2.913873  
01    2.017535  
02    0.723475  
03    1.788680  
04    1.592424  
05    2.665604  
06    1.875997  
07    2.571466  
08    3.409722  
09    2.375390  
10    3.801573  
11    3.812870  
12    3.105496  
13    2.596144  
14    3.686396  
15    2.733264  
16    3.936585  
17    3.787221  
18    3.600497  
19    6.075758  
20    3.674649  
21    2.105379  
22    3.110726  
23    1.945626  

ap-south-1
      count      mean       std       min       25%       50%       75%  \
hist                                                                      
00     61.0  0.672721  2.010255 -3.325720 -1.331814  0.797634  1.970942   
01     61.0 -0.622756  1.380959 -2.916063 -1.653861 -0.785991  0.102041   
02     61.0 -0.996089  1.522031 -3.474213 -2.144015 -1.453897  0.034891   
03     61.0 -1.356454  1.122312 -3.434627 -2.133721 -1.387911 -0.733088   
04     61.0 -2.353832  0.978840 -4.479610 -2.968902 -2.402767 -1.635104   
05     61.0 -1.391329  1.104748 -3.971947 -1.871207 -1.459899 -0.600753   
06     60.0 -1.500439  1.453043 -4.974810 -2.101480 -1.246667 -0.646332   
07     60.0  0.281481  1.700544 -2.222040 -0.911395  0.121787  1.459241   
08     60.0  0.138661  1.438141 -2.246206 -0.952467 -0.125675  0.844362   
09     60.0 -0.457041  1.756389 -3.831523 -1.599124 -0.310288  0.589454   
10     60.0  0.261177  1.430915 -3.005928 -0.768265  0.101952  1.270991   
11     60.0  0.822981  1.626276 -1.717516 -0.447257  0.746736  1.828633   
12     60.0  0.439384  1.630820 -3.747854 -0.501440  0.679085  1.824268   
13     60.0  1.008794  1.331462 -1.917970  0.320239  0.943528  1.689669   
14     60.0  0.952451  1.570491 -1.385223 -0.328612  0.889292  1.659893   
15     60.0  0.612489  1.410607 -2.533106 -0.255376  0.680484  1.734990   
16     60.0  0.388960  1.428332 -2.240214 -0.697874  0.275837  1.477717   
17     60.0  0.806045  1.467089 -1.937861 -0.436443  0.821535  1.771359   
18     60.0  0.310789  1.769823 -3.646874 -0.616044 -0.100375  0.860321   
19     61.0  0.496535  1.124456 -2.872314 -0.082970  0.368335  1.283139   
20     61.0  0.364871  1.380405 -2.670826 -0.496324  0.324267  1.653896   
21     61.0  0.540486  1.816280 -1.881755 -0.708840  0.089496  1.102247   
22     61.0  0.633311  1.395001 -2.195692 -0.419472  0.692092  1.803257   
23     61.0 -0.046937  1.645549 -3.256306 -1.362803 -0.386425  1.433092   

           max  
hist            
00    5.570089  
01    3.141393  
02    2.996331  
03    1.570958  
04   -0.528602  
05    1.013293  
06    1.466314  
07    5.166584  
08    3.735187  
09    4.920642  
10    3.256160  
11    5.373300  
12    3.168307  
13    4.269581  
14    6.352121  
15    3.182681  
16    3.255134  
17    5.047765  
18    4.283728  
19    2.429786  
20    2.789057  
21    6.833274  
22    2.802533  
23    2.864866  

