australia-southeast1
      count      mean       std       min       25%       50%       75%  \
hist                                                                      
1       9.0 -2.401170  0.949197 -3.823374 -2.829660 -2.664725 -1.859274   
2       9.0  4.779842  4.257864 -2.292618  2.124794  5.489597  7.591790   
3       9.0  4.794710  4.730472 -0.011631  1.893152  2.628415  7.241526   
4       9.0  3.729737  8.050330 -9.469952 -1.161304  3.982699  9.149739   
5       9.0  2.033233  0.990754  0.201915  1.901710  1.941535  2.432861   
6       8.0 -6.383719  1.172681 -8.132659 -7.146202 -6.327488 -5.714801   
7       8.0 -7.060693  1.011798 -8.459888 -7.758660 -7.046808 -6.644716   

            max  
hist             
1     -0.714096  
2     10.806807  
3     13.907159  
4     15.339081  
5      3.744258  
6     -4.773120  
7     -5.158961  

asia-south1
      count      mean       std        min       25%       50%       75%  \
hist                                                                       
1       9.0  3.675011  0.772968   2.396179  3.166773  3.734238  4.333241   
2       9.0  3.740505  2.714069   1.379005  1.518010  2.735678  5.425369   
3       9.0 -1.168530  1.540491  -3.451370 -2.251117 -1.340484 -0.234537   
4       9.0  3.070000  2.771817  -2.200143  1.955324  4.122682  5.119593   
5       9.0 -3.433352  5.977963 -13.119306 -7.380740 -1.519873  1.221436   
6       8.0 -1.064223  6.613417  -6.030433 -5.447588 -4.965982  2.343585   
7       8.0 -6.341883  1.734322  -9.817748 -6.664192 -5.841465 -5.145124   

            max  
hist             
1      4.796476  
2      8.642068  
3      1.585644  
4      6.251383  
5      3.640392  
6     11.321812  
7     -4.762337  

europe-west2
      count       mean        std        min        25%        50%        75%  \
hist                                                                            
1       9.0  -3.627573   1.608586  -5.628351  -5.319885  -3.776353  -2.686064   
2       9.0   6.559577   1.084890   4.947249   5.758975   6.621650   7.311596   
3       9.0   1.144654   3.877413  -6.498017  -1.737501   1.925773   4.104231   
4       9.0   6.343822   5.697377  -1.939042   3.068412   5.890840   9.322235   
5       9.0 -11.878768  26.465167 -62.373501 -27.402786   0.665165   5.128120   
6       8.0  12.976532  18.983516  -2.175055   0.907698   2.874141  20.508288   
7       8.0 -16.792742   1.062897 -18.364922 -17.401235 -17.099410 -15.971647   

            max  
hist             
1     -1.029893  
2      8.363956  
3      5.136116  
4     16.121255  
5     12.054173  
6     49.725197  
7    -15.375464  

asia-northeast1
      count       mean        std        min        25%        50%        75%  \
hist                                                                            
1       9.0  23.106212   7.453236  14.027473  16.907088  22.963198  29.069243   
2       9.0  26.332766  43.791681 -20.699815  -5.370028  12.847110  52.504851   
3       9.0   2.616698   5.675727  -8.369004  -0.357122   4.783935   7.067653   
4       9.0 -20.111629  22.872381 -65.956864 -30.219051  -8.137073  -4.413359   
5       9.0 -15.684540  27.643480 -66.971439 -32.595791  -5.251799   3.722388   
6       8.0 -17.713924   5.027353 -23.852367 -22.869177 -16.812685 -12.885898   
7       8.0  -5.044787   9.244832 -12.008497 -10.746666  -9.996494  -2.111246   

             max  
hist              
1      35.630469  
2     104.927422  
3       7.775884  
4      -2.835701  
5      12.127068  
6     -12.712907  
7      13.301393  

europe-west3
      count      mean       std        min        25%       50%        75%  \
hist                                                                         
1       9.0 -2.678519  2.623904  -8.083976  -3.477475 -1.636855  -1.125590   
2       9.0  0.860456  6.070880 -11.014583  -2.227737  3.748036   5.295411   
3       9.0  3.096952  3.333507  -2.626001   1.502914  2.804445   5.826520   
4       9.0  7.182803  3.217436   3.656909   4.313634  6.977443   9.348475   
5       9.0  7.686051  7.201351   1.433138   2.865928  4.497161  10.042581   
6       8.0 -8.115624  4.416570 -14.076577 -10.588902 -8.686996  -6.311184   
7       8.0 -8.216121  4.336926 -17.173220  -8.574331 -6.935195  -6.282958   

            max  
hist             
1     -0.279891  
2      5.940004  
3      7.217502  
4     12.871825  
5     22.382167  
6      0.365547  
7     -3.290023  

northamerica-northeast1
      count      mean       std       min       25%       50%       75%  \
hist                                                                      
1       9.0  3.696096  1.530540  1.864743  2.943142  3.228146  4.175626   
2       9.0  3.221191  2.787535 -1.886280  1.642687  4.106052  5.544957   
3       9.0  3.218364  2.276209 -0.427798  2.033686  3.691017  5.066908   
4       9.0 -1.253916  3.623295 -8.593568 -2.591458  0.513843  0.847246   
5       8.0 -2.240720  2.732564 -5.996744 -4.292714 -2.315334 -0.027923   
6       8.0 -3.722605  2.012810 -6.675156 -5.283398 -3.766326 -2.202431   
7       9.0 -2.782379  2.774170 -5.624139 -4.592985 -3.820415 -1.822577   

           max  
hist            
1     6.738718  
2     5.728449  
3     6.434787  
4     2.126430  
5     1.403065  
6    -1.128500  
7     2.674561  

southamerica-east1
      count      mean        std        min        25%       50%        75%  \
hist                                                                          
1       9.0  8.553136   4.351911   1.649365   5.472290  9.029528  11.765028   
2       9.0  4.543406   2.506343   0.078398   3.119612  5.257105   6.199477   
3       9.0  2.559681  12.025452 -11.737272  -6.500954  0.243399  10.166326   
4       9.0 -9.941353  11.505296 -32.197343 -16.079672 -3.727484  -1.543712   
5       8.0  0.026174   1.676682  -3.084011  -0.690907  0.668187   0.889034   
6       8.0 -2.472089   1.016988  -4.030601  -3.020994 -2.399573  -1.891312   
7       9.0 -3.817166   1.032936  -5.424355  -4.581866 -3.757291  -2.837389   

            max  
hist             
1     15.721381  
2      7.688398  
3     23.335846  
4     -1.347911  
5      1.972790  
6     -0.936555  
7     -2.331401  

us-east4
      count       mean        std        min        25%        50%        75%  \
hist                                                                            
1       9.0  -5.928284  11.268795 -22.770108 -14.504299  -4.588322   3.139573   
2       9.0  32.569945  12.119366  21.940520  22.277289  26.584274  41.466920   
3       9.0  -3.158693   3.957282  -8.992254  -6.887614  -2.251198  -0.506491   
4       9.0   0.928101   8.534518 -15.403013  -1.369324   2.820927   6.496063   
5       8.0  -0.715165   7.617186 -14.142573  -5.419153   2.735361   5.213136   
6       8.0 -10.261901   2.234361 -12.321246 -11.614319 -11.181540  -9.741619   
7       9.0 -14.097712   5.452094 -22.134978 -17.156329 -13.966368 -10.191933   

            max  
hist             
1      8.697479  
2     52.523654  
3      2.306333  
4      9.939973  
5      5.584831  
6     -5.752331  
7     -5.875067  

us-west2
      count       mean        std        min        25%        50%        75%  \
hist                                                                            
1       9.0   2.808431  21.641607 -21.500004 -12.666067  -2.894965  14.743041   
2       9.0 -15.021442  11.195395 -32.988249 -21.394018 -14.270413  -9.162344   
3       9.0  -8.265591   6.835424 -20.658493 -13.356857  -8.229272  -2.123914   
4       9.0   0.313577   6.179348 -12.023040  -2.116977   2.690968   4.865092   
5       8.0   6.062849   9.849238  -4.843704  -1.969985   4.139772  12.507997   
6       8.0  11.057954  21.732410  -4.132980  -3.584315  -2.095535  21.754721   
7       9.0  -0.918120   2.805717  -6.424350  -1.811769   0.256541   0.322896   

            max  
hist             
1     42.512985  
2      1.552299  
3     -0.328408  
4      5.883347  
5     22.190809  
6     52.327742  
7      2.505752  

us-west4
      count      mean        std        min       25%       50%       75%  \
hist                                                                        
1       9.0  0.673281   0.593721  -0.461300  0.433943  0.750444  1.017449   
2       9.0  2.527447   2.004117   0.139381  0.539437  3.161861  4.399187   
3       9.0  2.989466   4.731525  -3.183459 -0.972366  2.834994  7.080978   
4       9.0  4.056232   5.593799  -2.147083  0.058274  2.005674  5.458042   
5       8.0 -0.929263   3.033510  -5.487195 -2.556641 -1.251848  1.013940   
6       8.0 -7.293342   3.541025 -12.220798 -9.754406 -7.488575 -4.562646   
7       9.0 -0.191530  10.115683 -17.012853 -5.821061  0.350130  6.038489   

            max  
hist             
1      1.545554  
2      4.651364  
3      9.302224  
4     15.441465  
5      3.763934  
6     -2.353809  
7     14.689255  

ap-south-1
      count       mean       std        min        25%        50%        75%  \
hist                                                                           
1       9.0  71.128091  1.498397  69.440000  69.777465  71.342951  72.666222   
2       9.0  71.484384  1.517385  69.117222  70.707882  71.893854  72.593723   
3       9.0  70.965933  1.762818  68.517743  69.984823  70.453542  72.249965   
4       9.0  70.637320  2.209618  68.089410  68.971354  70.018759  72.902535   
5       9.0  69.939194  2.158280  67.307361  68.063576  69.694549  70.878507   
6       8.0  70.142843  1.921483  67.836597  68.680885  69.752830  71.266832   
7       8.0  70.857426  1.496287  69.171389  69.564514  70.687274  71.805590   

            max  
hist             
1     72.923715  
2     73.620000  
3     73.949132  
4     74.183889  
5     73.498368  
6     73.008507  
7     73.203264  

ap-southeast-2
      count       mean       std        min        25%        50%        75%  \
hist                                                                           
1       9.0  71.352581  1.635166  68.776562  70.629201  71.220451  71.753056   
2       9.0  71.482619  1.641546  68.863507  70.618185  71.062118  72.823090   
3       9.0  71.263920  1.342571  70.137431  70.190243  70.536840  71.908299   
4       9.0  71.371995  1.787448  69.416979  70.118507  71.060521  71.385556   
5       9.0  71.033632  2.598672  67.184565  69.957951  70.730417  72.895764   
6       8.0  70.463076  1.535002  67.947604  69.444071  70.647326  71.351643   
7       8.0  70.523681  1.524565  68.698021  69.476094  70.376181  71.281398   

            max  
hist             
1     73.948333  
2     73.732951  
3     73.901146  
4     75.147431  
5     74.685903  
6     72.611786  
7     73.299514  

ca-central-1
      count       mean       std        min        25%        50%        75%  \
hist                                                                           
1       9.0  68.603187  1.886847  66.289653  66.745590  69.007812  69.391528   
2       9.0  67.949539  1.554570  65.729722  66.866910  68.716076  69.140833   
3       9.0  67.906123  1.595893  65.607049  67.143264  67.347674  69.373785   
4       9.0  67.290134  1.759081  64.166944  66.449306  67.226424  68.473160   
5       8.0  67.323825  1.931476  65.397847  65.775609  66.560115  69.276016   
6       8.0  68.548524  2.538779  65.541493  66.318785  68.979323  69.792604   
7       9.0  68.204929  1.768744  65.113160  66.624236  69.289757  69.579132   

            max  
hist             
1     71.744549  
2     69.850035  
3     70.165312  
4     70.118785  
5     69.819132  
6     73.031458  
7     69.819340  

ap-northeast-1
      count       mean       std        min        25%        50%        75%  \
hist                                                                           
1       9.0  69.216344  0.985424  67.843646  68.560382  69.428481  69.940590   
2       9.0  69.909691  0.968821  68.123264  69.634306  70.088718  70.321771   
3       9.0  69.677127  1.071578  68.071146  69.002188  69.602326  70.046493   
4       9.0  69.606958  0.824329  68.338125  69.223021  69.354757  70.289687   
5       9.0  69.371069  1.140076  67.597569  68.548507  69.660451  69.911736   
6       8.0  69.309249  1.435415  67.548993  68.381667  69.294688  69.857092   
7       8.0  68.719142  1.105175  66.971042  68.023932  68.791215  69.589635   

            max  
hist             
1     70.587778  
2     71.477083  
3     71.565486  
4     70.718472  
5     71.199444  
6     72.142743  
7     70.103865  

us-east-1
      count       mean       std        min        25%        50%        75%  \
hist                                                                           
1       9.0  70.167246  1.236943  68.681812  69.293121  69.764965  71.309340   
2       9.0  70.825777  1.619257  68.747422  69.367535  70.864549  71.646285   
3       9.0  70.141042  1.239711  68.877708  69.182639  70.023125  70.461250   
4       9.0  70.572129  1.008894  68.805000  70.192604  70.493646  71.029722   
5       8.0  70.351719  0.951559  69.045320  69.874748  70.026111  70.926892   
6       8.0  69.687712  0.939642  68.161797  68.933030  69.867083  70.359384   
7       9.0  69.715207  1.188779  67.767743  69.001215  69.336181  70.745868   

            max  
hist             
1     72.116354  
2     73.601007  
3     72.866424  
4     72.539789  
5     71.814992  
6     70.791076  
7     71.606815  

eu-west-2
      count       mean       std        min        25%        50%        75%  \
hist                                                                           
1       9.0  67.276813  1.787200  65.741250  65.816064  66.810243  67.269259   
2       9.0  67.884442  1.753329  65.869410  66.759574  67.385625  68.672813   
3       9.0  67.130751  0.834565  65.647535  66.787882  67.142535  67.625382   
4       9.0  66.849658  0.420995  66.299965  66.451493  66.879896  67.219444   
5       9.0  66.719514  0.750106  65.390764  66.322361  66.707118  67.384201   
6       8.0  66.610613  0.856790  65.456250  65.912057  66.804953  67.144722   
7       8.0  67.171072  1.954877  65.496806  65.776493  66.309913  67.987153   

            max  
hist             
1     70.823160  
2     71.470347  
3     68.288056  
4     67.416632  
5     67.769965  
6     67.876007  
7     70.794792  

eu-central-1
      count       mean       std        min        25%        50%        75%  \
hist                                                                           
1       9.0  68.125286  0.739684  66.805000  67.803785  68.145694  68.218403   
2       9.0  68.889526  1.188728  67.010148  68.041354  68.758958  70.050521   
3       9.0  68.667874  0.938516  67.846146  68.170035  68.238542  68.546458   
4       9.0  68.230999  1.043604  66.613264  67.463854  68.228403  69.020486   
5       9.0  68.299033  1.157933  66.951875  67.413546  68.015799  68.943333   
6       8.0  68.030052  0.999215  66.469444  67.518984  68.004948  68.655851   
7       8.0  67.561085  1.168081  66.478750  66.769115  67.314358  67.844132   

            max  
hist             
1     69.439333  
2     70.404132  
3     70.399167  
4     69.952049  
5     70.459757  
6     69.567222  
7     70.028924  

sa-east-1
      count      mean       std       min       25%       50%       75%  \
hist                                                                      
1       9.0 -0.219069  0.172641 -0.469086 -0.380374 -0.190792 -0.044383   
2       9.0 -0.111597  0.352299 -0.822299 -0.168909 -0.020050 -0.002819   
3       9.0  0.620287  0.131145  0.385902  0.542199  0.625184  0.696119   
4       9.0  0.156916  0.222774 -0.218654  0.009406  0.151953  0.278681   
5       8.0  0.164119  0.329291 -0.426221  0.000387  0.252105  0.369515   
6       8.0 -0.153558  0.323592 -0.498794 -0.404069 -0.202111  0.000763   
7       9.0 -0.517670  0.205466 -0.730962 -0.648903 -0.618188 -0.414405   

           max  
hist            
1    -0.013939  
2     0.365314  
3     0.828334  
4     0.460675  
5     0.557304  
6     0.449196  
7    -0.128061  

us-west-2
      count      mean       std       min       25%       50%       75%  \
hist                                                                      
1       9.0  0.308695  0.783305 -0.922973 -0.231717  0.384583  0.866233   
2       9.0  0.097488  0.269483 -0.364015 -0.060744  0.141023  0.306099   
3       9.0  0.233514  0.228794 -0.006246  0.009947  0.201839  0.433613   
4       9.0  0.185298  0.146549 -0.010185  0.111707  0.148335  0.233430   
5       8.0  0.201650  0.579945 -0.684866 -0.191611  0.255984  0.608591   
6       8.0 -0.099131  0.512363 -0.509728 -0.490694 -0.347687  0.196379   
7       9.0 -1.085679  0.566632 -1.961924 -1.502224 -1.063985 -0.628709   

           max  
hist            
1     1.399869  
2     0.428255  
3     0.521877  
4     0.468145  
5     0.984756  
6     0.823901  
7    -0.356155  

us-west-1
      count      mean       std       min       25%       50%       75%  \
hist                                                                      
1       9.0  0.635081  0.809700  0.115051  0.167483  0.171236  0.833897   
2       9.0  0.574302  0.763690 -0.350655  0.004147  0.430855  1.036806   
3       9.0 -0.481570  0.465071 -1.244243 -0.830661 -0.369618 -0.083412   
4       9.0 -0.828993  1.182503 -3.076166 -1.440050 -0.356878 -0.033349   
5       8.0 -0.009917  0.655899 -1.305347 -0.246673  0.341556  0.411058   
6       8.0 -0.078341  0.372572 -0.377952 -0.342834 -0.240908  0.055861   
7       9.0  0.025614  0.343971 -0.416758 -0.252063 -0.060621  0.289703   

           max  
hist            
1     2.354230  
2     1.898579  
3     0.007327  
4     0.404847  
5     0.499009  
6     0.649520  
7     0.528898  

