asia-south1
      count        mean        std         min         25%         50%  \
hist                                                                     
00     61.0  503.157431  29.708837  461.625585  480.082181  487.445286   
01     61.0  503.093893  29.707493  461.360705  480.586883  487.643385   
02     61.0  503.027999  29.704228  461.092992  481.623548  487.319116   
03     61.0  502.960691  29.700551  460.822365  482.229681  486.913260   
04     61.0  502.892924  29.697513  460.548836  482.060697  486.967765   
05     61.0  502.825240  29.694979  460.272557  481.750670  487.429939   
06     60.0  503.470779  29.412189  465.776652  481.819690  487.858370   
07     60.0  503.406377  29.406975  465.609996  481.458658  487.724098   
08     60.0  503.343531  29.402486  465.421739  481.258200  487.522140   
09     60.0  503.282515  29.398606  465.220314  481.549259  487.636156   
10     60.0  503.223223  29.394997  465.010547  481.603770  487.838826   
11     60.0  503.165456  29.391388  464.794588  481.833850  487.919122   
12     60.0  503.109056  29.388136  464.573483  481.560357  487.908062   
13     60.0  503.053997  29.385975  464.347815  481.377277  487.894685   
14     60.0  503.000142  29.385588  464.117883  481.377776  487.938491   
15     60.0  502.947309  29.387452  463.883832  481.027264  487.928631   
16     60.0  502.895162  29.391587  463.645784  480.806977  487.916199   
17     60.0  502.843147  29.397474  463.403974  480.636315  487.903377   
18     60.0  502.790745  29.404567  463.158602  480.465997  487.887822   
19     61.0  503.439581  29.676885  462.909967  480.338344  488.347440   
20     61.0  503.386407  29.685759  462.658354  480.400987  488.176065   
21     61.0  503.332146  29.694465  462.404057  480.296651  487.680320   
22     61.0  503.276264  29.702029  462.147216  480.206820  487.831755   
23     61.0  503.218165  29.707096  461.887741  480.134091  487.717312   

             75%         max  
hist                          
00    541.157083  562.618920  
01    541.395449  562.186534  
02    541.221806  561.657842  
03    541.042996  561.461190  
04    540.874291  561.817047  
05    540.731574  562.163525  
06    541.012762  562.490008  
07    540.871951  562.786075  
08    540.746686  563.042707  
09    540.631138  563.248627  
10    540.520946  563.398056  
11    540.324584  563.495441  
12    540.025558  563.552806  
13    539.980882  563.582307  
14    540.250377  563.594077  
15    540.418665  563.593841  
16    540.425528  563.582192  
17    540.400126  563.559754  
18    540.446232  563.527712  
19    541.117003  563.485485  
20    540.289715  563.427231  
21    540.377218  563.335173  
22    540.547043  563.185145  
23    540.807815  562.952212  

asia-northeast1
      count        mean        std         min         25%         50%  \
hist                                                                     
00     61.0  508.941815  48.852735  324.118535  490.733291  504.186994   
01     61.0  508.767003  49.036952  324.334399  490.188358  503.826716   
02     61.0  508.587140  49.247243  324.555673  490.582095  504.700299   
03     61.0  508.401217  49.491267  324.080582  491.009014  504.647725   
04     61.0  508.210489  49.770494  323.504469  490.657277  504.318844   
05     61.0  508.019690  50.074082  323.006054  490.455351  503.890106   
06     61.0  507.835795  50.375934  322.589437  491.053022  503.636633   
07     61.0  507.661367  50.644667  322.259418  491.796592  503.258603   
08     61.0  507.489565  50.861844  322.014621  491.847019  502.845716   
09     61.0  507.309517  51.029352  321.847574  491.315204  502.805031   
10     60.0  510.124243  45.824410  321.749993  491.641768  502.967485   
11     60.0  509.909674  45.975239  321.868949  491.194987  503.118037   
12     60.0  509.689683  46.123981  322.006734  491.574417  503.331233   
13     60.0  509.474391  46.280805  322.152739  491.384715  503.415656   
14     60.0  509.271349  46.444532  322.302757  491.235109  503.562947   
15     60.0  509.083526  46.609644  322.456590  491.149761  503.706896   
16     60.0  508.908828  46.773556  322.615328  490.951914  503.238366   
17     60.0  508.742689  46.936580  322.780201  490.958707  502.548617   
18     60.0  508.581418  47.100458  322.951813  491.098973  503.004306   
19     60.0  508.422577  47.267399  323.130204  491.177804  503.648034   
20     60.0  508.264766  47.438656  323.315154  491.495330  504.298614   
21     60.0  508.107438  47.614934  323.506541  491.572868  504.496876   
22     60.0  507.950606  47.796570  323.704339  491.703258  504.211609   
23     61.0  509.114067  48.685844  323.908416  492.155217  504.509229   

             75%         max  
hist                          
00    552.020196  586.836747  
01    552.154562  585.561007  
02    552.358945  584.289943  
03    550.979584  583.023427  
04    548.745050  581.761602  
05    546.551204  580.504766  
06    546.423816  579.253185  
07    547.113199  578.007214  
08    547.848090  577.498177  
09    548.596648  577.823326  
10    549.714130  578.088368  
11    550.083780  578.272504  
12    549.828396  578.357907  
13    549.515448  578.340792  
14    549.210344  578.241023  
15    548.912813  578.086720  
16    548.441261  577.890727  
17    547.996390  577.656761  
18    547.588403  577.388763  
19    547.221406  577.087861  
20    546.904512  576.740361  
21    546.649833  576.331706  
22    546.465402  576.027149  
23    551.944572  588.117456  

europe-west2
      count        mean        std         min         25%         50%  \
hist                                                                     
00     61.0  496.373013  49.138434  292.751061  481.820896  490.964019   
01     61.0  496.219585  49.376007  292.227299  481.749489  491.077274   
02     60.0  499.464474  42.254522  305.638405  482.249210  491.480115   
03     60.0  499.300065  42.553341  304.943326  482.374622  491.423752   
04     60.0  499.119198  42.904800  304.286053  482.625183  491.198728   
05     60.0  498.919321  43.323993  303.649705  481.840477  491.100622   
06     60.0  498.703672  43.808492  303.025417  481.302845  491.253134   
07     60.0  498.484504  44.321202  302.409589  481.241099  491.238893   
08     60.0  498.278117  44.800584  301.800695  481.466977  491.247676   
09     60.0  498.092141  45.206677  301.197991  481.755378  491.270975   
10     60.0  497.921153  45.542558  300.600833  482.009529  491.298158   
11     60.0  497.751848  45.830100  300.008735  481.925236  491.319801   
12     60.0  497.572187  46.084205  299.421340  481.644914  491.142451   
13     60.0  497.367955  46.313917  298.838497  481.585004  490.296233   
14     60.0  497.130410  46.535745  298.260215  480.653510  490.393246   
15     61.0  497.908052  47.077060  297.686632  480.431854  490.743344   
16     61.0  497.669073  47.332309  297.117934  480.658710  490.851201   
17     61.0  497.455581  47.583485  296.554312  480.893560  490.657807   
18     61.0  497.270431  47.820605  295.995847  480.613785  490.546612   
19     61.0  497.106718  48.044819  295.442542  479.872303  490.510439   
20     61.0  496.955659  48.262271  294.894285  479.932234  490.536452   
21     61.0  496.810265  48.477327  294.351044  480.102283  490.455951   
22     61.0  496.666385  48.692944  293.812800  480.666873  490.679133   
23     61.0  496.521367  48.912130  293.279500  481.590878  490.836438   

             75%         max  
hist                          
00    529.822262  577.128985  
01    529.418683  576.887299  
02    529.166487  576.569883  
03    528.942603  576.181227  
04    528.811333  575.727576  
05    528.766989  575.213417  
06    528.801300  574.645425  
07    528.908953  574.035944  
08    529.088752  573.400903  
09    529.342003  572.784909  
10    529.667401  573.430649  
11    530.060136  574.065921  
12    530.510766  574.686626  
13    531.008676  575.283794  
14    531.547142  575.842585  
15    532.151060  576.228953  
16    532.798942  576.568387  
17    533.489281  576.857053  
18    533.475628  577.087381  
19    532.769011  577.253766  
20    532.089763  577.358258  
21    531.508516  577.402995  
22    530.849248  577.384156  
23    530.303667  577.294086  

australia-southeast1
      count        mean        std         min         25%         50%  \
hist                                                                     
00     61.0  433.916749  25.987793  332.609042  419.259436  428.013119   
01     61.0  433.796655  26.204525  329.949113  419.502113  427.999325   
02     61.0  433.676499  26.430696  327.289882  419.843063  427.966318   
03     61.0  433.556280  26.666245  324.631349  419.624704  427.927673   
04     61.0  433.436214  26.910607  321.973415  419.177673  427.867381   
05     61.0  433.316413  27.163110  319.315750  419.135551  427.794842   
06     61.0  433.196614  27.423643  316.657927  418.885115  427.711610   
07     61.0  433.076309  27.692401  313.999505  418.884197  427.619006   
08     61.0  432.954986  27.969657  311.340090  418.887161  427.746877   
09     61.0  432.832181  28.255742  308.679394  418.773281  427.891327   
10     61.0  432.707876  28.550819  306.017233  418.632732  427.993403   
11     60.0  434.736072  23.641306  366.938413  420.287152  427.911676   
12     60.0  434.651662  23.787899  364.344141  420.111531  427.952793   
13     60.0  434.567004  23.939656  361.736840  419.990274  428.058450   
14     60.0  434.481672  24.095764  359.118339  419.874015  428.069716   
15     60.0  434.394820  24.255192  356.490586  419.757401  428.056128   
16     60.0  434.305123  24.417614  353.854676  419.637360  427.906102   
17     60.0  434.211364  24.584187  351.211638  419.509006  427.946715   
18     60.0  434.112399  24.756274  348.562557  419.367752  427.915351   
19     60.0  434.007594  24.934147  345.908637  419.209242  427.960777   
20     60.0  433.897029  25.117636  343.251168  419.030324  427.995634   
21     60.0  433.781780  25.306928  340.591422  418.922235  428.015979   
22     60.0  433.663187  25.502430  337.930578  419.003507  428.013901   
23     60.0  433.542568  25.704625  335.269599  419.112992  428.025278   

             75%         max  
hist                          
00    460.796888  493.825899  
01    461.008841  493.573349  
02    461.194152  493.254923  
03    459.902468  492.878134  
04    459.087100  492.442881  
05    459.251960  491.941965  
06    459.407729  491.365239  
07    458.624041  490.709526  
08    457.832066  489.974917  
09    457.107717  489.152361  
10    456.458495  488.228063  
11    456.758695  487.187580  
12    456.446509  486.017547  
13    456.804390  485.572747  
14    457.206392  487.021464  
15    457.654515  488.415360  
16    458.151471  489.712404  
17    458.566549  490.883521  
18    458.692741  491.905172  
19    458.701694  492.747390  
20    458.749705  493.382337  
21    458.811570  493.794463  
22    458.873131  493.986921  
23    458.964572  493.983122  

northamerica-northeast1
      count        mean        std         min         25%         50%  \
hist                                                                     
00     60.0  464.834715  17.557456  443.467568  452.262115  455.463325   
01     60.0  464.817739  17.554274  443.267517  452.294109  455.552901   
02     60.0  464.800724  17.551109  443.104885  452.314974  455.579905   
03     60.0  464.783818  17.547860  442.975665  452.354508  455.519918   
04     60.0  464.767167  17.544413  442.876406  452.375903  455.669787   
05     60.0  464.750781  17.540667  442.804273  452.379022  455.679429   
06     60.0  464.734543  17.536227  442.758535  452.366208  455.684377   
07     60.0  464.718323  17.530420  442.742808  452.381854  455.868073   
08     60.0  464.701887  17.522473  442.758578  452.505706  456.084326   
09     60.0  464.685153  17.511935  442.805807  452.460033  456.193705   
10     61.0  464.956218  17.496304  442.795698  452.502583  456.384235   
11     61.0  464.945661  17.485963  442.795808  452.468606  456.632884   
12     61.0  464.936649  17.475011  442.822894  452.435970  456.877365   
13     61.0  464.929569  17.464668  442.875095  452.405468  457.119987   
14     61.0  464.924223  17.455672  442.948715  452.378457  457.248446   
15     61.0  464.919941  17.448322  443.039080  452.357650  456.962605   
16     61.0  464.915671  17.442475  443.142520  452.344724  456.685688   
17     61.0  464.910614  17.437755  443.257279  452.339941  456.436008   
18     61.0  464.904260  17.433656  443.381796  452.345674  456.173450   
19     61.0  464.896432  17.429715  443.516381  452.365995  455.899591   
20     61.0  464.887250  17.425601  443.662372  452.407138  455.627913   
21     60.0  464.882021  17.568440  443.819018  452.470676  455.364588   
22     60.0  464.867157  17.564437  443.968067  452.363008  455.249073   
23     60.0  464.851326  17.560774  443.703635  452.274165  455.349208   

             75%         max  
hist                          
00    484.555761  498.159799  
01    484.159788  497.974258  
02    483.775109  497.771831  
03    483.959273  497.561827  
04    484.269004  497.355337  
05    484.567740  497.162387  
06    484.846104  497.214832  
07    485.118444  497.478531  
08    485.380447  497.708129  
09    485.629186  497.905170  
10    484.915428  498.074735  
11    485.180333  498.222062  
12    485.422029  498.350961  
13    485.648209  498.464336  
14    485.583724  498.561316  
15    484.710121  498.639399  
16    484.925288  498.698246  
17    485.346719  498.735002  
18    485.765331  498.746240  
19    486.181078  498.727991  
20    485.786470  498.675939  
21    485.653638  498.588609  
22    485.300714  498.469630  
23    484.939517  498.325375  

europe-west3
      count        mean        std         min         25%         50%  \
hist                                                                     
00     61.0  484.611329  25.130136  438.154078  471.101216  480.175083   
01     61.0  484.568199  25.105096  438.444619  469.830310  480.234319   
02     61.0  484.525076  25.080998  438.803579  468.531697  480.453765   
03     60.0  484.889545  25.063355  439.221132  469.912598  480.639518   
04     60.0  484.835879  25.049922  439.687745  469.609074  480.714336   
05     60.0  484.781934  25.037018  439.897427  469.299274  480.727876   
06     60.0  484.728776  25.023961  439.999296  469.266834  480.690367   
07     60.0  484.677257  25.009964  440.127240  468.900377  480.588541   
08     60.0  484.627696  24.994368  440.274541  469.193763  480.515640   
09     60.0  484.580063  24.977154  440.435603  469.507612  480.352286   
10     60.0  484.534161  24.959176  440.608861  469.573617  480.178945   
11     60.0  484.489785  24.942222  440.797824  469.020305  479.978980   
12     60.0  484.446727  24.928170  440.921470  468.567383  479.787954   
13     60.0  484.404268  24.917773  440.360878  468.418160  479.598122   
14     60.0  484.361021  24.910167  439.803939  468.339547  479.617449   
15     60.0  484.315864  24.902535  439.278266  468.891076  479.632624   
16     61.0  485.022152  25.375166  438.810798  470.251968  480.469389   
17     61.0  484.966912  25.349339  438.420743  470.701793  479.799793   
18     61.0  484.910570  25.318623  438.117121  470.560087  479.160265   
19     61.0  484.854600  25.284700  437.901673  470.487963  479.428324   
20     61.0  484.800591  25.250277  437.776960  470.655018  479.487574   
21     61.0  484.749340  25.217174  437.744550  471.238649  479.029581   
22     61.0  484.701051  25.185881  437.800387  470.943864  479.420024   
23     61.0  484.655315  25.156896  437.937882  470.926702  479.779612   

             75%         max  
hist                          
00    508.125477  531.140474  
01    507.605317  531.216163  
02    508.287384  531.481983  
03    508.701185  531.761843  
04    508.784788  532.056040  
05    508.840491  532.355125  
06    508.650969  532.642483  
07    508.442438  532.901787  
08    508.262043  533.120921  
09    508.120994  533.292903  
10    508.031674  533.417713  
11    507.832586  533.497875  
12    507.686181  533.538942  
13    507.606330  533.541656  
14    507.117260  533.504518  
15    506.596146  533.432391  
16    508.496122  533.325789  
17    508.695046  533.177484  
18    508.408418  532.984036  
19    508.175461  532.747006  
20    508.024886  532.467432  
21    507.974432  532.152751  
22    508.036856  531.816397  
23    508.116637  531.475345  

us-east4
      count        mean        std         min         25%         50%  \
hist                                                                     
00     60.0  483.687740  31.374687  436.875451  461.631846  474.501594   
01     60.0  483.642144  31.340788  437.039198  461.846886  473.878798   
02     60.0  483.598067  31.304869  437.314875  462.043362  473.082523   
03     60.0  483.555629  31.268509  437.685306  462.163566  472.765440   
04     60.0  483.514810  31.232680  438.132412  462.165854  472.816350   
05     60.0  483.475791  31.198174  438.639375  461.788961  472.505698   
06     60.0  483.439105  31.165584  439.193180  461.338587  472.255481   
07     60.0  483.405269  31.135772  439.785640  460.714701  471.975572   
08     60.0  483.373617  31.108154  440.407296  460.436834  472.155683   
09     60.0  483.341940  31.079543  441.043254  459.811815  472.095038   
10     61.0  484.208515  31.580502  441.262752  458.894312  472.339308   
11     61.0  484.167236  31.537855  441.159611  458.614319  472.243573   
12     61.0  484.121109  31.489475  441.126943  459.008788  472.057057   
13     61.0  484.070476  31.437136  441.147127  458.591737  471.786103   
14     61.0  484.017032  31.384853  441.092181  458.424483  472.380268   
15     61.0  483.963937  31.338298  440.367070  459.533351  473.668442   
16     61.0  483.913229  31.300495  439.674612  460.246754  474.315826   
17     61.0  483.865216  31.271459  439.030927  461.053526  473.754735   
18     61.0  483.819554  31.249730  438.442765  461.925096  473.335066   
19     61.0  483.775904  31.233014  437.920553  461.614424  474.043474   
20     61.0  483.733837  31.218318  437.483206  461.387805  474.952858   
21     60.0  483.831694  31.446915  437.149226  461.337992  475.692270   
22     60.0  483.782743  31.428507  436.930114  461.482880  475.815499   
23     60.0  483.734694  31.404450  436.837072  461.657503  475.143354   

             75%         max  
hist                          
00    513.043378  560.791850  
01    512.159011  560.260035  
02    510.970727  559.668916  
03    510.194680  559.053537  
04    510.526032  558.421187  
05    509.853682  557.759419  
06    508.960351  557.051289  
07    509.851958  556.297568  
08    510.720317  555.495426  
09    510.092195  554.616194  
10    510.691524  553.597116  
11    511.219689  552.465814  
12    511.642258  554.034664  
13    511.949721  555.450434  
14    512.131098  556.730612  
15    512.919649  557.904933  
16    513.725855  558.961578  
17    514.479298  559.864378  
18    515.176804  560.590630  
19    515.179877  561.122393  
20    515.096729  561.446312  
21    515.041448  561.563337  
22    514.443290  561.481437  
23    513.773093  561.214643  

southamerica-east1
      count        mean        std         min         25%         50%  \
hist                                                                     
00     60.0  456.228409  37.694159  274.371933  443.525906  450.531025   
01     60.0  456.055167  38.056720  273.794395  443.583190  450.305927   
02     60.0  455.880262  38.415122  273.218466  443.600523  450.092512   
03     60.0  455.705806  38.763931  272.645048  443.162693  450.223777   
04     60.0  455.532327  39.103184  272.074849  443.134958  450.319967   
05     60.0  455.358414  39.439236  271.508369  443.201779  450.588147   
06     60.0  455.182036  39.779059  270.945812  443.280502  450.785952   
07     60.0  455.002054  40.124751  270.387292  443.365542  450.336419   
08     60.0  454.818289  40.475455  269.832854  443.451556  450.140482   
09     60.0  454.631237  40.827880  269.282260  443.532697  449.812712   
10     60.0  454.441535  41.176961  268.735061  443.565718  449.434395   
11     61.0  454.874896  41.455920  268.190719  443.760909  449.829767   
12     61.0  454.704937  41.785545  267.648703  444.023923  449.514433   
13     61.0  454.544881  42.086618  267.108534  443.928225  449.254733   
14     61.0  454.398706  42.355741  266.569759  443.835446  449.411100   
15     61.0  454.265656  42.599428  266.031980  443.983831  449.033860   
16     61.0  454.141594  42.830390  265.494931  444.211463  448.905472   
17     61.0  454.022430  43.058177  264.958476  444.313585  448.535379   
18     61.0  453.904940  43.288015  264.422578  444.378477  448.948268   
19     61.0  453.785142  43.524594  263.887236  444.823227  449.486485   
20     61.0  453.658358  43.773302  263.352383  444.651687  449.477625   
21     61.0  453.520464  44.039412  262.817838  444.195873  449.970283   
22     60.0  456.553842  36.999312  275.527234  443.992796  450.563043   
23     60.0  456.396154  37.337738  274.949990  443.749315  450.651123   

             75%         max  
hist                          
00    480.286615  518.967263  
01    480.176462  519.421719  
02    480.120671  519.771410  
03    480.123288  519.999658  
04    480.184380  520.097559  
05    480.302015  520.063473  
06    480.470909  519.900513  
07    480.686691  519.620986  
08    480.943343  519.246175  
09    481.232225  518.798179  
10    481.548297  518.293814  
11    481.704717  517.738069  
12    481.530083  517.135583  
13    481.337141  516.497812  
14    481.122138  515.838899  
15    480.884552  515.170727  
16    480.625951  514.499848  
17    480.352860  514.428087  
18    480.072330  515.117948  
19    479.792856  515.809225  
20    479.530831  516.496925  
21    479.302557  517.172891  
22    480.637764  517.823034  
23    480.443334  518.427806  

us-west4
      count        mean        std         min         25%         50%  \
hist                                                                     
00     60.0  471.681345  18.651830  433.923967  460.503993  467.277898   
01     60.0  471.648074  18.638270  434.589005  460.314853  467.209134   
02     60.0  471.613114  18.621660  435.314179  460.070707  467.255401   
03     60.0  471.576705  18.601571  434.691168  460.062360  467.297908   
04     60.0  471.539760  18.577708  434.069030  460.009782  467.378244   
05     60.0  471.503553  18.550275  433.511383  459.984775  467.608035   
06     60.0  471.469072  18.519975  433.022202  459.842833  467.823619   
07     61.0  472.050574  18.950469  432.602706  459.789276  468.083844   
08     61.0  472.014069  18.906666  432.251974  459.691444  468.400341   
09     61.0  471.980010  18.863997  431.966504  459.671536  468.724117   
10     61.0  471.947953  18.823688  431.742524  459.556865  468.697478   
11     61.0  471.917457  18.786350  431.574646  459.526802  468.494202   
12     61.0  471.888105  18.752095  431.454106  459.719324  468.320496   
13     61.0  471.859594  18.720851  431.370625  460.062706  468.143777   
14     61.0  471.831611  18.692620  431.316954  460.477360  467.905227   
15     61.0  471.803839  18.667084  431.294384  460.730354  467.905082   
16     61.0  471.776111  18.644017  431.310536  460.489375  467.798287   
17     61.0  471.748404  18.623190  431.376853  460.106148  467.713252   
18     60.0  471.874692  18.722132  431.508086  460.188720  467.805856   
19     60.0  471.840068  18.708297  431.715190  460.412361  467.736745   
20     60.0  471.806880  18.695568  432.000364  460.463207  467.664144   
21     60.0  471.775062  18.683991  432.363894  460.488598  467.580472   
22     60.0  471.744082  18.673465  432.806157  460.506010  467.430407   
23     60.0  471.713141  18.663162  433.327439  460.512196  467.322700   

             75%         max  
hist                          
00    482.644465  516.424423  
01    482.944273  516.656884  
02    483.206477  516.883507  
03    483.114379  517.103352  
04    483.012703  517.318161  
05    483.164926  517.529669  
06    483.451189  517.737435  
07    484.921210  517.938293  
08    484.741845  518.128846  
09    484.355593  518.305161  
10    484.823156  518.461374  
11    485.392118  518.592619  
12    485.968889  518.689387  
13    486.130990  518.742166  
14    486.280323  518.743719  
15    486.412440  518.684898  
16    486.336917  518.561418  
17    485.957757  518.367644  
18    485.862862  518.095591  
19    485.070204  517.741840  
20    483.684693  517.304548  
21    482.742737  516.785623  
22    482.653967  516.184916  
23    482.585172  516.187942  

us-west2
      count        mean        std         min         25%         50%  \
hist                                                                     
00     60.0  498.436916  60.689978  286.976190  482.306554  498.063784   
01     60.0  498.236154  60.894866  286.958892  482.139044  497.482607   
02     60.0  498.013079  61.115390  286.945977  482.250605  497.021651   
03     60.0  497.788972  61.344128  286.936759  482.290900  497.190152   
04     60.0  497.577723  61.570190  286.930629  481.812871  497.510524   
05     60.0  497.383270  61.786530  286.927121  481.494150  497.690711   
06     60.0  497.204235  61.991699  286.925985  481.483302  497.152197   
07     61.0  497.788619  61.945808  286.926991  481.987251  497.358803   
08     61.0  497.635557  62.135287  286.929986  482.246950  497.868487   
09     61.0  497.490662  62.319968  286.934862  482.539398  498.397984   
10     61.0  497.349837  62.500242  286.941481  482.927024  498.937856   
11     61.0  497.208576  62.677015  286.949757  483.241040  499.470363   
12     61.0  497.064088  62.853702  286.959679  483.155810  499.917872   
13     61.0  496.915419  63.035923  286.971268  482.926491  499.882619   
14     61.0  496.760961  63.228748  286.984608  482.665649  499.504235   
15     61.0  496.598307  63.439259  286.999855  482.385896  499.230020   
16     61.0  496.424389  63.678617  287.017191  482.103513  499.581069   
17     61.0  496.235450  63.960332  287.036784  481.834841  499.864009   
18     60.0  499.513000  58.747013  287.239702  484.427445  499.870982   
19     60.0  499.294966  59.176314  287.164884  484.086888  499.751514   
20     60.0  499.085647  59.605409  287.107042  483.732290  499.570494   
21     60.0  498.904568  59.974705  287.062428  483.359584  499.640287   
22     60.0  498.751809  60.261541  287.026983  482.965091  499.518299   
23     60.0  498.604901  60.487828  286.998612  482.636718  498.563580   

             75%         max  
hist                          
00    517.445405  615.937913  
01    516.804401  615.442127  
02    516.200210  618.130387  
03    515.659250  620.425236  
04    515.921327  622.359133  
05    516.167920  623.983956  
06    516.444644  625.313400  
07    519.804577  626.365089  
08    520.525748  627.128770  
09    520.184893  627.593195  
10    518.728964  627.763210  
11    519.293650  627.667158  
12    519.815384  627.363800  
13    520.234599  626.925481  
14    520.544480  626.364144  
15    520.739877  625.677913  
16    520.819987  624.872873  
17    520.631234  623.961664  
18    520.126902  622.967570  
19    519.635792  621.919943  
20    519.188874  620.822687  
21    518.779831  619.675407  
22    518.406232  618.478634  
23    518.068491  617.232621  

ca-central-1
      count       mean       std        min        25%        50%        75%  \
hist                                                                           
00     60.0  67.960442  1.862816  64.810125  66.386162  68.188291  69.266717   
01     60.0  67.957446  1.869024  64.683948  66.367829  68.162636  69.282906   
02     60.0  67.954278  1.875280  64.560034  66.350586  68.139131  69.271460   
03     60.0  67.950941  1.881531  64.437833  66.335363  68.118451  69.317895   
04     60.0  67.947447  1.887742  64.316935  66.341281  68.101052  69.334221   
05     60.0  67.943786  1.893863  64.197061  66.380122  68.078882  69.348599   
06     60.0  67.939936  1.899749  64.078002  66.414763  68.059894  69.356496   
07     60.0  67.935863  1.905265  63.959637  66.410204  68.077828  69.358467   
08     60.0  67.931538  1.910246  63.841910  66.422167  68.072743  69.337160   
09     60.0  67.926966  1.914564  63.724805  66.423529  68.073008  69.302753   
10     61.0  67.934978  1.904813  63.608296  66.461636  68.279295  69.280760   
11     61.0  67.930000  1.907851  63.492328  66.423567  68.279635  69.310575   
12     61.0  67.924673  1.910378  63.376884  66.385062  68.279088  69.342021   
13     61.0  67.919116  1.912743  63.261975  66.346055  68.276697  69.370623   
14     61.0  67.913482  1.915368  63.147608  66.325603  68.272739  69.388022   
15     61.0  67.907908  1.918683  63.033819  66.268634  68.268254  69.345261   
16     61.0  67.902494  1.923108  62.920653  66.234429  68.264236  69.287091   
17     61.0  67.897252  1.928936  62.808153  66.245615  68.258167  69.233781   
18     61.0  67.892123  1.936250  62.696353  66.185455  68.157305  69.204654   
19     61.0  67.887040  1.944878  62.585291  66.231410  68.116825  69.230237   
20     61.0  67.881995  1.954587  62.474978  66.272106  68.132279  69.248675   
21     60.0  67.968857  1.844869  65.069466  66.381116  68.199831  69.299143   
22     60.0  67.966061  1.850703  65.054711  66.386060  68.206692  69.344259   
23     60.0  67.963290  1.856700  64.939411  66.374556  68.213483  69.344513   

            max  
hist             
00    72.258419  
01    72.175469  
02    72.361999  
03    72.547682  
04    72.730416  
05    72.905884  
06    73.068082  
07    73.211199  
08    73.327722  
09    73.410964  
10    73.456343  
11    73.463219  
12    73.434732  
13    73.375085  
14    73.289272  
15    73.183396  
16    73.065375  
17    72.943345  
18    72.823563  
19    72.710476  
20    72.607505  
21    72.514269  
22    72.427654  
23    72.343569  

ap-northeast-1
      count       mean       std        min        25%        50%        75%  \
hist                                                                           
00     61.0  69.206979  1.048547  67.127088  68.507213  69.147505  70.013426   
01     61.0  69.206403  1.051132  67.157748  68.475483  69.284747  70.000428   
02     61.0  69.205980  1.052964  67.173451  68.504769  69.259179  69.975754   
03     61.0  69.205581  1.054041  67.150903  68.483855  69.238194  69.921094   
04     61.0  69.205060  1.054432  67.128143  68.461665  69.284639  69.889869   
05     61.0  69.204308  1.054210  67.105730  68.443884  69.347448  69.850902   
06     61.0  69.203301  1.053500  67.083959  68.429163  69.327560  69.861467   
07     61.0  69.202084  1.052451  67.063791  68.386862  69.379208  69.870828   
08     61.0  69.200722  1.051219  67.045951  68.326349  69.413534  69.867379   
09     61.0  69.199276  1.049970  67.031196  68.280948  69.380415  69.855476   
10     60.0  69.228686  1.029372  67.020117  68.349918  69.360363  69.864147   
11     60.0  69.227889  1.027026  67.013500  68.347127  69.312802  69.930604   
12     60.0  69.227163  1.025113  67.010977  68.345203  69.288234  69.962345   
13     60.0  69.226496  1.023873  67.011475  68.368269  69.292568  69.981030   
14     60.0  69.225859  1.023532  67.014057  68.349870  69.322044  70.000922   
15     60.0  69.225192  1.024167  67.018440  68.311037  69.283917  70.029612   
16     60.0  69.224432  1.025774  67.024536  68.296595  69.231080  70.058839   
17     60.0  69.223520  1.028313  67.031221  68.319088  69.203974  70.029048   
18     60.0  69.222422  1.031682  67.037952  68.356427  69.188849  70.043876   
19     60.0  69.221139  1.035665  67.044865  68.441180  69.173959  70.062790   
20     60.0  69.219701  1.039974  67.053369  68.546914  69.160032  70.069106   
21     60.0  69.218227  1.044334  67.064778  68.548071  69.125166  70.023273   
22     60.0  69.216881  1.048514  67.080325  68.544658  69.156975  70.004535   
23     61.0  69.207785  1.045333  67.100982  68.527533  69.137506  69.990517   

            max  
hist             
00    72.540459  
01    72.526414  
02    72.491280  
03    72.434973  
04    72.357649  
05    72.259344  
06    72.139871  
07    71.998950  
08    71.837784  
09    71.658567  
10    71.463797  
11    71.320018  
12    71.467821  
13    71.610281  
14    71.745614  
15    71.873304  
16    71.993658  
17    72.107009  
18    72.212771  
19    72.308688  
20    72.391511  
21    72.457889  
22    72.505652  
23    72.533453  

ap-southeast-2
      count       mean       std        min        25%        50%        75%  \
hist                                                                           
00     61.0  71.001109  1.657295  67.400373  70.061881  70.703699  72.080782   
01     61.0  70.994797  1.658659  67.269773  70.057426  70.736001  72.041712   
02     61.0  70.988317  1.660120  67.138732  70.041078  70.783283  71.960300   
03     61.0  70.981732  1.661801  67.007288  70.029389  70.741747  71.851599   
04     61.0  70.975111  1.663839  66.875512  70.068549  70.732964  71.741821   
05     61.0  70.968520  1.666406  66.743486  70.053321  70.714629  71.631980   
06     61.0  70.962029  1.669665  66.611280  70.035409  70.689908  71.601182   
07     61.0  70.955661  1.673707  66.478927  70.014395  70.754192  71.577949   
08     61.0  70.949406  1.678549  66.346405  70.040583  70.755608  71.584515   
09     61.0  70.943216  1.684186  66.213693  70.059756  70.791846  71.596007   
10     61.0  70.937025  1.690595  66.080801  70.085568  70.775874  71.608107   
11     60.0  71.013835  1.582179  67.703364  70.119089  70.778162  71.633609   
12     60.0  71.009354  1.584035  67.735018  70.150489  70.771861  71.640882   
13     60.0  71.004736  1.586283  67.769277  70.185863  70.719312  71.676723   
14     60.0  70.999939  1.588799  67.755953  70.222374  70.671093  71.674066   
15     60.0  70.994963  1.591448  67.684473  70.221791  70.633516  71.692220   
16     60.0  70.989853  1.594157  67.619737  70.217819  70.645084  71.721553   
17     60.0  70.984665  1.596932  67.562256  70.210621  70.654484  71.747252   
18     60.0  70.979432  1.599777  67.513260  70.201864  70.640007  71.768319   
19     60.0  70.974167  1.602668  67.473502  70.195601  70.629616  71.819280   
20     60.0  70.968865  1.605554  67.443163  70.170742  70.626462  71.872468   
21     60.0  70.963522  1.608355  67.422214  70.134173  70.628679  71.922452   
22     60.0  70.958095  1.610963  67.410490  70.079408  70.645905  71.967249   
23     60.0  70.952502  1.613278  67.407026  70.038165  70.686189  72.004631   

            max  
hist             
00    74.697813  
01    74.669629  
02    74.642375  
03    74.616205  
04    74.591059  
05    74.567109  
06    74.544134  
07    74.520980  
08    74.495321  
09    74.464443  
10    74.472343  
11    74.542253  
12    74.606680  
13    74.663663  
14    74.711238  
15    74.747927  
16    74.773962  
17    74.790269  
18    74.797610  
19    74.796695  
20    74.788347  
21    74.772842  
22    74.751198  
23    74.725535  

ap-south-1
      count       mean       std        min        25%        50%        75%  \
hist                                                                           
00     61.0  70.673471  1.780842  66.553726  69.313380  70.255155  72.491711   
01     61.0  70.668578  1.785786  66.452533  69.313081  70.339546  72.500974   
02     61.0  70.663423  1.791551  66.352610  69.315660  70.357566  72.512586   
03     61.0  70.658079  1.798094  66.253972  69.338382  70.363731  72.524504   
04     61.0  70.652618  1.805284  66.156640  69.344208  70.328555  72.516747   
05     61.0  70.647092  1.812991  66.060598  69.347129  70.223762  72.505604   
06     60.0  70.719482  1.730808  68.024952  69.363362  70.323551  72.514818   
07     60.0  70.715520  1.735314  68.024598  69.398330  70.341688  72.511278   
08     60.0  70.711649  1.739505  68.010106  69.406285  70.332829  72.499693   
09     60.0  70.707719  1.743285  67.912232  69.415737  70.292145  72.484813   
10     60.0  70.703639  1.746584  67.830721  69.413128  70.232404  72.469136   
11     60.0  70.699386  1.749420  67.764250  69.430297  70.211573  72.452370   
12     60.0  70.694992  1.751819  67.712084  69.438405  70.195089  72.427639   
13     60.0  70.690502  1.753843  67.674558  69.442880  70.182711  72.440879   
14     60.0  70.685941  1.755571  67.601489  69.432222  70.168957  72.443267   
15     60.0  70.681318  1.757051  67.496178  69.415603  70.133044  72.452878   
16     60.0  70.676650  1.758372  67.390748  69.400020  70.099807  72.469525   
17     60.0  70.671960  1.759639  67.285179  69.385760  70.087534  72.460023   
18     60.0  70.667327  1.760971  67.179542  69.368754  70.076000  72.422428   
19     61.0  70.695465  1.766236  67.073977  69.367131  70.049187  72.447705   
20     61.0  70.691109  1.768076  66.968652  69.363497  70.014257  72.502301   
21     61.0  70.686821  1.770360  66.863765  69.354592  70.035572  72.555288   
22     61.0  70.682514  1.773198  66.759517  69.338649  70.074705  72.555147   
23     61.0  70.678098  1.776666  66.656105  69.336460  70.100873  72.521313   

            max  
hist             
00    73.939755  
01    73.915277  
02    73.888409  
03    73.859644  
04    73.828944  
05    73.840133  
06    73.859021  
07    73.877198  
08    73.894589  
09    73.910943  
10    73.925525  
11    73.937111  
12    73.946305  
13    73.954714  
14    73.963193  
15    73.972319  
16    73.981267  
17    73.988960  
18    73.993962  
19    73.995607  
20    73.993774  
21    73.988000  
22    73.977148  
23    73.960773  

eu-west-2
      count       mean       std        min        25%        50%        75%  \
hist                                                                           
00     61.0  66.951599  1.233647  65.248612  65.989426  66.737914  67.438848   
01     61.0  66.949914  1.235189  65.307598  66.002011  66.729855  67.483372   
02     60.0  66.963091  1.242779  65.374062  66.029464  66.742781  67.479976   
03     60.0  66.962131  1.245748  65.445133  66.063364  66.725787  67.453370   
04     60.0  66.961258  1.249177  65.441893  66.057612  66.693057  67.432765   
05     60.0  66.960370  1.252703  65.440593  66.066750  66.658046  67.425835   
06     60.0  66.959391  1.256014  65.411336  66.071206  66.635250  67.419276   
07     60.0  66.958277  1.258854  65.375027  66.033297  66.616228  67.441216   
08     60.0  66.957012  1.261041  65.337260  66.064631  66.600287  67.471025   
09     60.0  66.955606  1.262471  65.298917  66.091380  66.582141  67.549243   
10     60.0  66.954097  1.263043  65.261147  66.081467  66.553571  67.514931   
11     60.0  66.952547  1.262785  65.224754  66.073921  66.524410  67.518519   
12     60.0  66.951020  1.261777  65.189914  66.104335  66.529815  67.560501   
13     60.0  66.949588  1.260165  65.157177  66.119293  66.504462  67.587831   
14     60.0  66.948329  1.258105  65.127229  66.102239  66.517668  67.575202   
15     61.0  66.967245  1.254512  65.101239  66.103119  66.569490  67.584561   
16     61.0  66.965653  1.251060  65.081161  66.097424  66.609004  67.583283   
17     61.0  66.964063  1.247586  65.069270  66.079548  66.612682  67.581036   
18     61.0  66.962419  1.244159  65.067288  66.025662  66.621847  67.576879   
19     61.0  66.960707  1.240899  65.075570  66.018818  66.635874  67.570556   
20     61.0  66.958942  1.237979  65.093572  66.012532  66.618829  67.562609   
21     61.0  66.957131  1.235594  65.120442  65.970698  66.628191  67.504720   
22     61.0  66.955269  1.233949  65.155245  65.979331  66.686706  67.431147   
23     61.0  66.953397  1.233248  65.197807  65.985664  66.686285  67.472326   

            max  
hist             
00    70.909139  
01    70.863588  
02    70.816250  
03    70.843324  
04    70.891181  
05    70.939949  
06    70.987922  
07    71.034277  
08    71.078142  
09    71.118083  
10    71.152839  
11    71.181850  
12    71.204187  
13    71.218137  
14    71.222123  
15    71.215992  
16    71.200952  
17    71.178794  
18    71.150638  
19    71.117118  
20    71.079675  
21    71.039628  
22    70.997549  
23    70.953866  

sa-east-1
      count       mean       std        min        25%        50%        75%  \
hist                                                                           
00     60.0  65.699287  0.888182  63.634380  65.081098  65.601192  66.306472   
01     60.0  65.698038  0.887141  63.609113  65.061121  65.585440  66.288189   
02     60.0  65.696842  0.886286  63.591326  65.113972  65.577615  66.259722   
03     60.0  65.695669  0.885739  63.579816  65.099036  65.557857  66.234854   
04     60.0  65.694513  0.885514  63.573418  65.116815  65.559251  66.248597   
05     60.0  65.693388  0.885583  63.572398  65.147661  65.563009  66.263535   
06     60.0  65.692307  0.885857  63.577949  65.143390  65.529208  66.268063   
07     60.0  65.691250  0.886214  63.590043  65.120963  65.566875  66.267237   
08     60.0  65.690191  0.886528  63.607796  65.114993  65.587652  66.237805   
09     60.0  65.689111  0.886711  63.630529  65.125299  65.574187  66.200722   
10     60.0  65.687988  0.886708  63.658016  65.118835  65.559127  66.186689   
11     61.0  65.709398  0.896562  63.690505  65.138998  65.567923  66.290241   
12     61.0  65.708068  0.895972  63.727479  65.154584  65.615020  66.230534   
13     61.0  65.706549  0.895152  63.767746  65.148179  65.621534  66.220469   
14     61.0  65.704849  0.894220  63.811385  65.141163  65.606132  66.237837   
15     61.0  65.703014  0.893262  63.819251  65.164549  65.606657  66.214989   
16     61.0  65.701092  0.892347  63.831372  65.112217  65.620192  66.226145   
17     61.0  65.699144  0.891498  63.846245  65.097632  65.654538  66.269735   
18     61.0  65.697218  0.890704  63.862739  65.091146  65.622683  66.304050   
19     61.0  65.695335  0.889967  63.877490  65.065602  65.591083  66.327454   
20     61.0  65.693496  0.889281  63.814970  65.050381  65.601386  66.339275   
21     61.0  65.691691  0.888615  63.758412  65.038016  65.582658  66.341032   
22     60.0  65.702030  0.890356  63.709034  65.118741  65.586072  66.282589   
23     60.0  65.700617  0.889266  63.667720  65.101698  65.606418  66.309159   

            max  
hist             
00    67.744739  
01    67.722828  
02    67.695066  
03    67.663274  
04    67.629767  
05    67.596632  
06    67.565191  
07    67.536502  
08    67.510442  
09    67.486921  
10    67.466272  
11    67.486311  
12    67.520783  
13    67.553995  
14    67.585764  
15    67.616306  
16    67.645618  
17    67.673903  
18    67.701370  
19    67.726883  
20    67.747545  
21    67.760618  
22    67.764670  
23    67.759194  

eu-central-1
      count       mean       std        min        25%        50%        75%  \
hist                                                                           
00     61.0  68.136060  0.980377  66.368798  67.466976  67.898873  68.742725   
01     61.0  68.135050  0.978687  66.380441  67.433558  67.916940  68.664509   
02     61.0  68.133960  0.976681  66.398783  67.436808  67.925136  68.607783   
03     60.0  68.137118  0.982106  66.424396  67.409872  67.959580  68.643808   
04     60.0  68.135840  0.979749  66.457532  67.397880  67.994227  68.606416   
05     60.0  68.134621  0.977396  66.498131  67.361938  67.990722  68.639280   
06     60.0  68.133446  0.975215  66.546060  67.324825  67.988536  68.688633   
07     60.0  68.132359  0.973339  66.600937  67.313851  67.977122  68.737762   
08     60.0  68.131406  0.971873  66.662546  67.348909  67.955597  68.786896   
09     60.0  68.130619  0.970904  66.671045  67.375435  67.939273  68.835445   
10     60.0  68.130004  0.970491  66.634395  67.380899  67.940164  68.882882   
11     60.0  68.129525  0.970572  66.600528  67.372930  67.922585  68.928721   
12     60.0  68.129114  0.971046  66.569319  67.351727  67.914827  68.976265   
13     60.0  68.128723  0.971871  66.540172  67.359558  67.918038  69.035783   
14     60.0  68.128321  0.973089  66.512349  67.394586  67.895949  69.044693   
15     60.0  68.127902  0.974813  66.485127  67.420161  67.886519  69.010669   
16     61.0  68.140256  0.973693  66.458935  67.415750  67.879619  68.965496   
17     61.0  68.140169  0.976038  66.434486  67.394887  67.894098  68.949979   
18     61.0  68.139915  0.978232  66.412303  67.416574  67.894302  68.934391   
19     61.0  68.139532  0.980099  66.393040  67.457599  67.870111  68.912501   
20     61.0  68.139045  0.981477  66.377735  67.500896  67.892939  68.882503   
21     61.0  68.138455  0.982234  66.367327  67.511576  67.888220  68.850414   
22     61.0  68.137757  0.982278  66.362207  67.513218  67.894465  68.810707   
23     61.0  68.136962  0.981627  66.362786  67.515909  67.896453  68.835816   

            max  
hist             
00    70.265158  
01    70.261019  
02    70.253392  
03    70.242573  
04    70.229586  
05    70.215769  
06    70.201706  
07    70.186850  
08    70.170505  
09    70.152559  
10    70.132827  
11    70.111142  
12    70.087401  
13    70.062089  
14    70.036208  
15    70.046898  
16    70.096018  
17    70.139651  
18    70.177083  
19    70.207569  
20    70.231276  
21    70.248413  
22    70.259315  
23    70.264785  

us-east-1
      count       mean       std        min        25%        50%        75%  \
hist                                                                           
00     60.0  70.417160  3.303909  62.245833  68.106042  71.200000  72.652917   
01     60.0  69.283069  3.974394  61.692500  66.028125  69.023333  71.720833   
02     60.0  68.915528  3.454422  62.455833  66.543125  68.406667  71.307500   
03     60.0  68.744917  3.501085  61.835833  66.394167  68.775833  70.263958   
04     60.0  69.669368  3.630041  61.455833  68.055000  69.541667  72.225208   
05     60.0  68.615944  3.139745  61.844167  66.255625  68.713333  70.384792   
06     60.0  68.714664  3.203309  62.019167  66.013542  68.709167  70.349583   
07     60.0  69.503222  3.576400  63.207500  67.011875  69.028333  71.710417   
08     60.0  69.709778  3.465980  63.142500  66.773333  70.302917  72.907292   
09     60.0  70.464028  3.426445  63.550833  68.082917  70.527500  72.383125   
10     61.0  71.171995  3.362545  62.465833  68.546667  71.481667  73.339167   
11     61.0  71.611603  4.042055  64.356667  68.950833  71.615000  73.830833   
12     61.0  70.834372  3.338504  65.019167  69.020000  70.391667  73.063333   
13     61.0  70.919918  3.823493  63.762500  68.327500  70.898333  72.231667   
14     61.0  70.975396  3.747128  63.562500  68.252500  70.663333  72.907500   
15     61.0  71.111125  3.184327  62.808333  69.430000  70.740000  72.833333   
16     61.0  70.901339  3.609384  63.606667  68.352500  70.684167  72.784167   
17     61.0  70.726243  3.843014  62.325000  68.119167  70.167500  72.993333   
18     61.0  71.201639  3.488337  65.407500  68.638333  70.734167  73.255000   
19     61.0  70.654549  3.580308  63.758333  68.587500  70.178333  73.444167   
20     61.0  70.903743  2.991179  65.852500  68.853333  70.626667  73.093333   
21     60.0  70.646401  3.594741  62.667500  68.591952  70.727500  72.821250   
22     60.0  69.966475  3.394497  63.031667  67.835625  70.151869  72.260833   
23     60.0  69.121354  3.625774  62.070833  66.479792  68.623333  71.251042   

            max  
hist             
00    75.937500  
01    78.593333  
02    77.715000  
03    76.170000  
04    76.945000  
05    76.790000  
06    76.276667  
07    78.492500  
08    75.959167  
09    78.300000  
10    77.976667  
11    81.259167  
12    81.489167  
13    81.562500  
14    80.144167  
15    78.349167  
16    80.170000  
17    84.313333  
18    80.145000  
19    80.861667  
20    76.614167  
21    78.835833  
22    76.892500  
23    80.330833  

us-west-1
      count       mean       std        min        25%        50%        75%  \
hist                                                                           
00     60.0  68.935236  3.775465  63.256667  66.300208  67.758750  71.150208   
01     60.0  68.853944  3.220900  61.840000  66.874792  68.528333  70.525000   
02     60.0  68.797292  2.896225  62.395000  66.875625  68.852500  71.153542   
03     60.0  69.629000  3.427602  62.426667  67.097708  69.554167  71.363333   
04     60.0  69.116373  2.916689  64.360000  66.729792  69.042500  71.391250   
05     60.0  69.122819  2.881030  62.560833  66.970833  69.228333  71.204167   
06     60.0  69.127970  3.172809  62.981667  66.684792  68.904167  70.762292   
07     61.0  69.351831  3.736121  61.820000  67.211667  68.912500  72.284167   
08     61.0  69.634986  3.036399  62.175833  67.312500  69.361667  71.528333   
09     61.0  70.615178  3.225874  63.828333  68.441667  70.780000  72.749167   
10     61.0  69.971352  3.363828  64.306667  67.360833  69.352500  72.074167   
11     61.0  70.597077  3.781740  62.396667  68.391667  70.448333  73.190000   
12     61.0  70.834617  4.330056  64.216667  68.521667  70.595833  73.071667   
13     61.0  70.143128  2.986727  64.733333  68.491667  70.274167  71.419167   
14     61.0  69.980874  3.723116  64.621667  68.060833  69.390833  71.765833   
15     61.0  69.981926  4.047191  63.489167  67.519167  69.575000  71.885833   
16     61.0  69.593115  2.938432  62.774167  67.250833  69.288333  72.148333   
17     61.0  69.724891  3.857413  62.281667  67.710000  69.435000  72.011667   
18     60.0  69.488042  3.430836  62.885000  66.818125  69.133750  72.494792   
19     60.0  69.096736  3.186637  63.220833  66.374375  68.892083  71.822083   
20     60.0  69.364514  3.236732  62.938333  66.887708  69.227083  71.992292   
21     60.0  69.270611  3.321846  62.240000  67.041875  69.084583  71.003542   
22     60.0  68.875569  3.237101  62.875833  66.546250  68.470417  71.261250   
23     60.0  68.779056  2.759092  62.534167  66.697917  68.758333  70.485833   

            max  
hist             
00    83.366667  
01    76.607500  
02    74.417500  
03    79.768333  
04    75.198333  
05    74.564167  
06    79.044167  
07    77.690833  
08    75.975000  
09    78.146667  
10    80.080000  
11    80.392500  
12    91.606667  
13    83.050000  
14    85.381667  
15    85.023333  
16    75.701667  
17    84.167500  
18    81.600000  
19    75.053333  
20    76.749167  
21    80.970833  
22    78.285833  
23    76.202500  

us-west-2
      count       mean       std        min        25%        50%        75%  \
hist                                                                           
00     60.0  70.095847  2.568304  64.261667  68.522292  69.777917  71.617500   
01     60.0  69.996778  3.167845  63.453333  68.088958  69.828750  71.392083   
02     60.0  70.313833  3.410301  64.630000  68.134375  70.300000  71.779792   
03     60.0  69.852042  2.633102  63.764167  68.062500  70.050000  71.281667   
04     60.0  70.044082  2.723199  64.299167  67.844167  70.186667  72.127708   
05     60.0  69.593278  2.474494  64.124167  67.935000  69.231250  71.299375   
06     60.0  70.091332  2.883508  63.347500  68.158958  69.938333  71.984583   
07     61.0  71.051585  3.161842  65.207500  68.486667  70.660000  73.039167   
08     61.0  70.702213  3.531856  65.016667  68.143333  70.047500  72.778333   
09     61.0  70.659754  3.008624  63.131667  68.163333  70.554167  73.214167   
10     61.0  71.060328  3.150822  65.244167  69.115000  71.111667  72.441667   
11     61.0  70.598374  2.887185  63.918333  68.171667  70.540000  72.625833   
12     61.0  70.550423  2.985131  64.095833  68.348333  70.411667  72.315000   
13     61.0  71.122499  3.221679  66.487500  68.854167  70.503333  72.900833   
14     61.0  70.367609  3.032247  64.992500  68.080833  69.706667  72.505833   
15     61.0  70.676653  2.853577  64.385833  68.520833  70.486667  72.839167   
16     61.0  70.791011  3.154011  65.729167  68.494167  70.650000  72.542500   
17     61.0  71.037746  2.850358  66.041667  69.310000  70.714167  73.071667   
18     60.0  70.189403  3.172416  64.764167  67.930625  69.955417  71.699792   
19     60.0  70.547361  3.075978  64.243333  68.770000  70.212500  72.099375   
20     60.0  70.612153  2.959601  63.559167  68.820000  70.734583  72.364167   
21     60.0  69.858431  3.058119  63.857500  67.741667  69.307500  71.175208   
22     60.0  70.744361  3.116573  63.438333  68.878750  70.174583  72.166042   
23     60.0  70.159639  2.681100  65.061667  67.982500  70.270000  72.023750   

            max  
hist             
00    79.896667  
01    80.000000  
02    80.878333  
03    75.879167  
04    75.358333  
05    74.706667  
06    77.340000  
07    81.050000  
08    79.721667  
09    76.098333  
10    79.305000  
11    77.467500  
12    77.329167  
13    80.509167  
14    77.601667  
15    78.734167  
16    83.275833  
17    77.473333  
18    80.789167  
19    78.283333  
20    77.506667  
21    75.970833  
22    78.456667  
23    75.340000  

