asia-south1
      count        mean        std         min         25%         50%  \
hist                                                                     
00     61.0  503.157431  29.708837  461.625585  480.082181  487.445286   
01     61.0  503.093893  29.707493  461.360705  480.586883  487.643385   
02     61.0  503.027999  29.704228  461.092992  481.623548  487.319116   
03     61.0  502.960691  29.700551  460.822365  482.229681  486.913260   
04     61.0  502.892924  29.697513  460.548836  482.060697  486.967765   
05     61.0  502.825240  29.694979  460.272557  481.750670  487.429939   
06     60.0  503.470779  29.412189  465.776652  481.819690  487.858370   
07     60.0  503.406377  29.406975  465.609996  481.458658  487.724098   
08     60.0  503.343531  29.402486  465.421739  481.258200  487.522140   
09     60.0  503.282515  29.398606  465.220314  481.549259  487.636156   
10     60.0  503.223223  29.394997  465.010547  481.603770  487.838826   
11     60.0  503.165456  29.391388  464.794588  481.833850  487.919122   
12     60.0  503.109056  29.388136  464.573483  481.560357  487.908062   
13     60.0  503.053997  29.385975  464.347815  481.377277  487.894685   
14     60.0  503.000142  29.385588  464.117883  481.377776  487.938491   
15     60.0  502.947309  29.387452  463.883832  481.027264  487.928631   
16     60.0  502.895162  29.391587  463.645784  480.806977  487.916199   
17     60.0  502.843147  29.397474  463.403974  480.636315  487.903377   
18     60.0  502.790745  29.404567  463.158602  480.465997  487.887822   
19     61.0  503.439581  29.676885  462.909967  480.338344  488.347440   
20     61.0  503.386407  29.685759  462.658354  480.400987  488.176065   
21     61.0  503.332146  29.694465  462.404057  480.296651  487.680320   
22     61.0  503.276264  29.702029  462.147216  480.206820  487.831755   
23     61.0  503.218165  29.707096  461.887741  480.134091  487.717312   

             75%         max  
hist                          
00    541.157083  562.618920  
01    541.395449  562.186534  
02    541.221806  561.657842  
03    541.042996  561.461190  
04    540.874291  561.817047  
05    540.731574  562.163525  
06    541.012762  562.490008  
07    540.871951  562.786075  
08    540.746686  563.042707  
09    540.631138  563.248627  
10    540.520946  563.398056  
11    540.324584  563.495441  
12    540.025558  563.552806  
13    539.980882  563.582307  
14    540.250377  563.594077  
15    540.418665  563.593841  
16    540.425528  563.582192  
17    540.400126  563.559754  
18    540.446232  563.527712  
19    541.117003  563.485485  
20    540.289715  563.427231  
21    540.377218  563.335173  
22    540.547043  563.185145  
23    540.807815  562.952212  

asia-northeast1
      count        mean        std         min         25%         50%  \
hist                                                                     
00     61.0  508.941815  48.852735  324.118535  490.733291  504.186994   
01     61.0  508.767003  49.036952  324.334399  490.188358  503.826716   
02     61.0  508.587140  49.247243  324.555673  490.582095  504.700299   
03     61.0  508.401217  49.491267  324.080582  491.009014  504.647725   
04     61.0  508.210489  49.770494  323.504469  490.657277  504.318844   
05     61.0  508.019690  50.074082  323.006054  490.455351  503.890106   
06     61.0  507.835795  50.375934  322.589437  491.053022  503.636633   
07     61.0  507.661367  50.644667  322.259418  491.796592  503.258603   
08     61.0  507.489565  50.861844  322.014621  491.847019  502.845716   
09     61.0  507.309517  51.029352  321.847574  491.315204  502.805031   
10     60.0  510.124243  45.824410  321.749993  491.641768  502.967485   
11     60.0  509.909674  45.975239  321.868949  491.194987  503.118037   
12     60.0  509.689683  46.123981  322.006734  491.574417  503.331233   
13     60.0  509.474391  46.280805  322.152739  491.384715  503.415656   
14     60.0  509.271349  46.444532  322.302757  491.235109  503.562947   
15     60.0  509.083526  46.609644  322.456590  491.149761  503.706896   
16     60.0  508.908828  46.773556  322.615328  490.951914  503.238366   
17     60.0  508.742689  46.936580  322.780201  490.958707  502.548617   
18     60.0  508.581418  47.100458  322.951813  491.098973  503.004306   
19     60.0  508.422577  47.267399  323.130204  491.177804  503.648034   
20     60.0  508.264766  47.438656  323.315154  491.495330  504.298614   
21     60.0  508.107438  47.614934  323.506541  491.572868  504.496876   
22     60.0  507.950606  47.796570  323.704339  491.703258  504.211609   
23     61.0  509.114067  48.685844  323.908416  492.155217  504.509229   

             75%         max  
hist                          
00    552.020196  586.836747  
01    552.154562  585.561007  
02    552.358945  584.289943  
03    550.979584  583.023427  
04    548.745050  581.761602  
05    546.551204  580.504766  
06    546.423816  579.253185  
07    547.113199  578.007214  
08    547.848090  577.498177  
09    548.596648  577.823326  
10    549.714130  578.088368  
11    550.083780  578.272504  
12    549.828396  578.357907  
13    549.515448  578.340792  
14    549.210344  578.241023  
15    548.912813  578.086720  
16    548.441261  577.890727  
17    547.996390  577.656761  
18    547.588403  577.388763  
19    547.221406  577.087861  
20    546.904512  576.740361  
21    546.649833  576.331706  
22    546.465402  576.027149  
23    551.944572  588.117456  

europe-west2
      count        mean        std         min         25%         50%  \
hist                                                                     
00     61.0  496.373013  49.138434  292.751061  481.820896  490.964019   
01     61.0  496.219585  49.376007  292.227299  481.749489  491.077274   
02     60.0  499.464474  42.254522  305.638405  482.249210  491.480115   
03     60.0  499.300065  42.553341  304.943326  482.374622  491.423752   
04     60.0  499.119198  42.904800  304.286053  482.625183  491.198728   
05     60.0  498.919321  43.323993  303.649705  481.840477  491.100622   
06     60.0  498.703672  43.808492  303.025417  481.302845  491.253134   
07     60.0  498.484504  44.321202  302.409589  481.241099  491.238893   
08     60.0  498.278117  44.800584  301.800695  481.466977  491.247676   
09     60.0  498.092141  45.206677  301.197991  481.755378  491.270975   
10     60.0  497.921153  45.542558  300.600833  482.009529  491.298158   
11     60.0  497.751848  45.830100  300.008735  481.925236  491.319801   
12     60.0  497.572187  46.084205  299.421340  481.644914  491.142451   
13     60.0  497.367955  46.313917  298.838497  481.585004  490.296233   
14     60.0  497.130410  46.535745  298.260215  480.653510  490.393246   
15     61.0  497.908052  47.077060  297.686632  480.431854  490.743344   
16     61.0  497.669073  47.332309  297.117934  480.658710  490.851201   
17     61.0  497.455581  47.583485  296.554312  480.893560  490.657807   
18     61.0  497.270431  47.820605  295.995847  480.613785  490.546612   
19     61.0  497.106718  48.044819  295.442542  479.872303  490.510439   
20     61.0  496.955659  48.262271  294.894285  479.932234  490.536452   
21     61.0  496.810265  48.477327  294.351044  480.102283  490.455951   
22     61.0  496.666385  48.692944  293.812800  480.666873  490.679133   
23     61.0  496.521367  48.912130  293.279500  481.590878  490.836438   

             75%         max  
hist                          
00    529.822262  577.128985  
01    529.418683  576.887299  
02    529.166487  576.569883  
03    528.942603  576.181227  
04    528.811333  575.727576  
05    528.766989  575.213417  
06    528.801300  574.645425  
07    528.908953  574.035944  
08    529.088752  573.400903  
09    529.342003  572.784909  
10    529.667401  573.430649  
11    530.060136  574.065921  
12    530.510766  574.686626  
13    531.008676  575.283794  
14    531.547142  575.842585  
15    532.151060  576.228953  
16    532.798942  576.568387  
17    533.489281  576.857053  
18    533.475628  577.087381  
19    532.769011  577.253766  
20    532.089763  577.358258  
21    531.508516  577.402995  
22    530.849248  577.384156  
23    530.303667  577.294086  

australia-southeast1
      count        mean        std         min         25%         50%  \
hist                                                                     
00     61.0  433.916749  25.987793  332.609042  419.259436  428.013119   
01     61.0  433.796655  26.204525  329.949113  419.502113  427.999325   
02     61.0  433.676499  26.430696  327.289882  419.843063  427.966318   
03     61.0  433.556280  26.666245  324.631349  419.624704  427.927673   
04     61.0  433.436214  26.910607  321.973415  419.177673  427.867381   
05     61.0  433.316413  27.163110  319.315750  419.135551  427.794842   
06     61.0  433.196614  27.423643  316.657927  418.885115  427.711610   
07     61.0  433.076309  27.692401  313.999505  418.884197  427.619006   
08     61.0  432.954986  27.969657  311.340090  418.887161  427.746877   
09     61.0  432.832181  28.255742  308.679394  418.773281  427.891327   
10     61.0  432.707876  28.550819  306.017233  418.632732  427.993403   
11     60.0  434.736072  23.641306  366.938413  420.287152  427.911676   
12     60.0  434.651662  23.787899  364.344141  420.111531  427.952793   
13     60.0  434.567004  23.939656  361.736840  419.990274  428.058450   
14     60.0  434.481672  24.095764  359.118339  419.874015  428.069716   
15     60.0  434.394820  24.255192  356.490586  419.757401  428.056128   
16     60.0  434.305123  24.417614  353.854676  419.637360  427.906102   
17     60.0  434.211364  24.584187  351.211638  419.509006  427.946715   
18     60.0  434.112399  24.756274  348.562557  419.367752  427.915351   
19     60.0  434.007594  24.934147  345.908637  419.209242  427.960777   
20     60.0  433.897029  25.117636  343.251168  419.030324  427.995634   
21     60.0  433.781780  25.306928  340.591422  418.922235  428.015979   
22     60.0  433.663187  25.502430  337.930578  419.003507  428.013901   
23     60.0  433.542568  25.704625  335.269599  419.112992  428.025278   

             75%         max  
hist                          
00    460.796888  493.825899  
01    461.008841  493.573349  
02    461.194152  493.254923  
03    459.902468  492.878134  
04    459.087100  492.442881  
05    459.251960  491.941965  
06    459.407729  491.365239  
07    458.624041  490.709526  
08    457.832066  489.974917  
09    457.107717  489.152361  
10    456.458495  488.228063  
11    456.758695  487.187580  
12    456.446509  486.017547  
13    456.804390  485.572747  
14    457.206392  487.021464  
15    457.654515  488.415360  
16    458.151471  489.712404  
17    458.566549  490.883521  
18    458.692741  491.905172  
19    458.701694  492.747390  
20    458.749705  493.382337  
21    458.811570  493.794463  
22    458.873131  493.986921  
23    458.964572  493.983122  

northamerica-northeast1
      count        mean        std         min         25%         50%  \
hist                                                                     
00     60.0  464.834715  17.557456  443.467568  452.262115  455.463325   
01     60.0  464.817739  17.554274  443.267517  452.294109  455.552901   
02     60.0  464.800724  17.551109  443.104885  452.314974  455.579905   
03     60.0  464.783818  17.547860  442.975665  452.354508  455.519918   
04     60.0  464.767167  17.544413  442.876406  452.375903  455.669787   
05     60.0  464.750781  17.540667  442.804273  452.379022  455.679429   
06     60.0  464.734543  17.536227  442.758535  452.366208  455.684377   
07     60.0  464.718323  17.530420  442.742808  452.381854  455.868073   
08     60.0  464.701887  17.522473  442.758578  452.505706  456.084326   
09     60.0  464.685153  17.511935  442.805807  452.460033  456.193705   
10     61.0  464.956218  17.496304  442.795698  452.502583  456.384235   
11     61.0  464.945661  17.485963  442.795808  452.468606  456.632884   
12     61.0  464.936649  17.475011  442.822894  452.435970  456.877365   
13     61.0  464.929569  17.464668  442.875095  452.405468  457.119987   
14     61.0  464.924223  17.455672  442.948715  452.378457  457.248446   
15     61.0  464.919941  17.448322  443.039080  452.357650  456.962605   
16     61.0  464.915671  17.442475  443.142520  452.344724  456.685688   
17     61.0  464.910614  17.437755  443.257279  452.339941  456.436008   
18     61.0  464.904260  17.433656  443.381796  452.345674  456.173450   
19     61.0  464.896432  17.429715  443.516381  452.365995  455.899591   
20     61.0  464.887250  17.425601  443.662372  452.407138  455.627913   
21     60.0  464.882021  17.568440  443.819018  452.470676  455.364588   
22     60.0  464.867157  17.564437  443.968067  452.363008  455.249073   
23     60.0  464.851326  17.560774  443.703635  452.274165  455.349208   

             75%         max  
hist                          
00    484.555761  498.159799  
01    484.159788  497.974258  
02    483.775109  497.771831  
03    483.959273  497.561827  
04    484.269004  497.355337  
05    484.567740  497.162387  
06    484.846104  497.214832  
07    485.118444  497.478531  
08    485.380447  497.708129  
09    485.629186  497.905170  
10    484.915428  498.074735  
11    485.180333  498.222062  
12    485.422029  498.350961  
13    485.648209  498.464336  
14    485.583724  498.561316  
15    484.710121  498.639399  
16    484.925288  498.698246  
17    485.346719  498.735002  
18    485.765331  498.746240  
19    486.181078  498.727991  
20    485.786470  498.675939  
21    485.653638  498.588609  
22    485.300714  498.469630  
23    484.939517  498.325375  

europe-west3
      count        mean        std         min         25%         50%  \
hist                                                                     
00     61.0  484.611329  25.130136  438.154078  471.101216  480.175083   
01     61.0  484.568199  25.105096  438.444619  469.830310  480.234319   
02     61.0  484.525076  25.080998  438.803579  468.531697  480.453765   
03     60.0  484.889545  25.063355  439.221132  469.912598  480.639518   
04     60.0  484.835879  25.049922  439.687745  469.609074  480.714336   
05     60.0  484.781934  25.037018  439.897427  469.299274  480.727876   
06     60.0  484.728776  25.023961  439.999296  469.266834  480.690367   
07     60.0  484.677257  25.009964  440.127240  468.900377  480.588541   
08     60.0  484.627696  24.994368  440.274541  469.193763  480.515640   
09     60.0  484.580063  24.977154  440.435603  469.507612  480.352286   
10     60.0  484.534161  24.959176  440.608861  469.573617  480.178945   
11     60.0  484.489785  24.942222  440.797824  469.020305  479.978980   
12     60.0  484.446727  24.928170  440.921470  468.567383  479.787954   
13     60.0  484.404268  24.917773  440.360878  468.418160  479.598122   
14     60.0  484.361021  24.910167  439.803939  468.339547  479.617449   
15     60.0  484.315864  24.902535  439.278266  468.891076  479.632624   
16     61.0  485.022152  25.375166  438.810798  470.251968  480.469389   
17     61.0  484.966912  25.349339  438.420743  470.701793  479.799793   
18     61.0  484.910570  25.318623  438.117121  470.560087  479.160265   
19     61.0  484.854600  25.284700  437.901673  470.487963  479.428324   
20     61.0  484.800591  25.250277  437.776960  470.655018  479.487574   
21     61.0  484.749340  25.217174  437.744550  471.238649  479.029581   
22     61.0  484.701051  25.185881  437.800387  470.943864  479.420024   
23     61.0  484.655315  25.156896  437.937882  470.926702  479.779612   

             75%         max  
hist                          
00    508.125477  531.140474  
01    507.605317  531.216163  
02    508.287384  531.481983  
03    508.701185  531.761843  
04    508.784788  532.056040  
05    508.840491  532.355125  
06    508.650969  532.642483  
07    508.442438  532.901787  
08    508.262043  533.120921  
09    508.120994  533.292903  
10    508.031674  533.417713  
11    507.832586  533.497875  
12    507.686181  533.538942  
13    507.606330  533.541656  
14    507.117260  533.504518  
15    506.596146  533.432391  
16    508.496122  533.325789  
17    508.695046  533.177484  
18    508.408418  532.984036  
19    508.175461  532.747006  
20    508.024886  532.467432  
21    507.974432  532.152751  
22    508.036856  531.816397  
23    508.116637  531.475345  

us-east4
      count        mean        std         min         25%         50%  \
hist                                                                     
00     60.0  483.687740  31.374687  436.875451  461.631846  474.501594   
01     60.0  483.642144  31.340788  437.039198  461.846886  473.878798   
02     60.0  483.598067  31.304869  437.314875  462.043362  473.082523   
03     60.0  483.555629  31.268509  437.685306  462.163566  472.765440   
04     60.0  483.514810  31.232680  438.132412  462.165854  472.816350   
05     60.0  483.475791  31.198174  438.639375  461.788961  472.505698   
06     60.0  483.439105  31.165584  439.193180  461.338587  472.255481   
07     60.0  483.405269  31.135772  439.785640  460.714701  471.975572   
08     60.0  483.373617  31.108154  440.407296  460.436834  472.155683   
09     60.0  483.341940  31.079543  441.043254  459.811815  472.095038   
10     61.0  484.208515  31.580502  441.262752  458.894312  472.339308   
11     61.0  484.167236  31.537855  441.159611  458.614319  472.243573   
12     61.0  484.121109  31.489475  441.126943  459.008788  472.057057   
13     61.0  484.070476  31.437136  441.147127  458.591737  471.786103   
14     61.0  484.017032  31.384853  441.092181  458.424483  472.380268   
15     61.0  483.963937  31.338298  440.367070  459.533351  473.668442   
16     61.0  483.913229  31.300495  439.674612  460.246754  474.315826   
17     61.0  483.865216  31.271459  439.030927  461.053526  473.754735   
18     61.0  483.819554  31.249730  438.442765  461.925096  473.335066   
19     61.0  483.775904  31.233014  437.920553  461.614424  474.043474   
20     61.0  483.733837  31.218318  437.483206  461.387805  474.952858   
21     60.0  483.831694  31.446915  437.149226  461.337992  475.692270   
22     60.0  483.782743  31.428507  436.930114  461.482880  475.815499   
23     60.0  483.734694  31.404450  436.837072  461.657503  475.143354   

             75%         max  
hist                          
00    513.043378  560.791850  
01    512.159011  560.260035  
02    510.970727  559.668916  
03    510.194680  559.053537  
04    510.526032  558.421187  
05    509.853682  557.759419  
06    508.960351  557.051289  
07    509.851958  556.297568  
08    510.720317  555.495426  
09    510.092195  554.616194  
10    510.691524  553.597116  
11    511.219689  552.465814  
12    511.642258  554.034664  
13    511.949721  555.450434  
14    512.131098  556.730612  
15    512.919649  557.904933  
16    513.725855  558.961578  
17    514.479298  559.864378  
18    515.176804  560.590630  
19    515.179877  561.122393  
20    515.096729  561.446312  
21    515.041448  561.563337  
22    514.443290  561.481437  
23    513.773093  561.214643  

southamerica-east1
      count        mean        std         min         25%         50%  \
hist                                                                     
00     60.0  456.228409  37.694159  274.371933  443.525906  450.531025   
01     60.0  456.055167  38.056720  273.794395  443.583190  450.305927   
02     60.0  455.880262  38.415122  273.218466  443.600523  450.092512   
03     60.0  455.705806  38.763931  272.645048  443.162693  450.223777   
04     60.0  455.532327  39.103184  272.074849  443.134958  450.319967   
05     60.0  455.358414  39.439236  271.508369  443.201779  450.588147   
06     60.0  455.182036  39.779059  270.945812  443.280502  450.785952   
07     60.0  455.002054  40.124751  270.387292  443.365542  450.336419   
08     60.0  454.818289  40.475455  269.832854  443.451556  450.140482   
09     60.0  454.631237  40.827880  269.282260  443.532697  449.812712   
10     60.0  454.441535  41.176961  268.735061  443.565718  449.434395   
11     61.0  454.874896  41.455920  268.190719  443.760909  449.829767   
12     61.0  454.704937  41.785545  267.648703  444.023923  449.514433   
13     61.0  454.544881  42.086618  267.108534  443.928225  449.254733   
14     61.0  454.398706  42.355741  266.569759  443.835446  449.411100   
15     61.0  454.265656  42.599428  266.031980  443.983831  449.033860   
16     61.0  454.141594  42.830390  265.494931  444.211463  448.905472   
17     61.0  454.022430  43.058177  264.958476  444.313585  448.535379   
18     61.0  453.904940  43.288015  264.422578  444.378477  448.948268   
19     61.0  453.785142  43.524594  263.887236  444.823227  449.486485   
20     61.0  453.658358  43.773302  263.352383  444.651687  449.477625   
21     61.0  453.520464  44.039412  262.817838  444.195873  449.970283   
22     60.0  456.553842  36.999312  275.527234  443.992796  450.563043   
23     60.0  456.396154  37.337738  274.949990  443.749315  450.651123   

             75%         max  
hist                          
00    480.286615  518.967263  
01    480.176462  519.421719  
02    480.120671  519.771410  
03    480.123288  519.999658  
04    480.184380  520.097559  
05    480.302015  520.063473  
06    480.470909  519.900513  
07    480.686691  519.620986  
08    480.943343  519.246175  
09    481.232225  518.798179  
10    481.548297  518.293814  
11    481.704717  517.738069  
12    481.530083  517.135583  
13    481.337141  516.497812  
14    481.122138  515.838899  
15    480.884552  515.170727  
16    480.625951  514.499848  
17    480.352860  514.428087  
18    480.072330  515.117948  
19    479.792856  515.809225  
20    479.530831  516.496925  
21    479.302557  517.172891  
22    480.637764  517.823034  
23    480.443334  518.427806  

us-west4
      count        mean        std         min         25%         50%  \
hist                                                                     
00     60.0  471.681345  18.651830  433.923967  460.503993  467.277898   
01     60.0  471.648074  18.638270  434.589005  460.314853  467.209134   
02     60.0  471.613114  18.621660  435.314179  460.070707  467.255401   
03     60.0  471.576705  18.601571  434.691168  460.062360  467.297908   
04     60.0  471.539760  18.577708  434.069030  460.009782  467.378244   
05     60.0  471.503553  18.550275  433.511383  459.984775  467.608035   
06     60.0  471.469072  18.519975  433.022202  459.842833  467.823619   
07     61.0  472.050574  18.950469  432.602706  459.789276  468.083844   
08     61.0  472.014069  18.906666  432.251974  459.691444  468.400341   
09     61.0  471.980010  18.863997  431.966504  459.671536  468.724117   
10     61.0  471.947953  18.823688  431.742524  459.556865  468.697478   
11     61.0  471.917457  18.786350  431.574646  459.526802  468.494202   
12     61.0  471.888105  18.752095  431.454106  459.719324  468.320496   
13     61.0  471.859594  18.720851  431.370625  460.062706  468.143777   
14     61.0  471.831611  18.692620  431.316954  460.477360  467.905227   
15     61.0  471.803839  18.667084  431.294384  460.730354  467.905082   
16     61.0  471.776111  18.644017  431.310536  460.489375  467.798287   
17     61.0  471.748404  18.623190  431.376853  460.106148  467.713252   
18     60.0  471.874692  18.722132  431.508086  460.188720  467.805856   
19     60.0  471.840068  18.708297  431.715190  460.412361  467.736745   
20     60.0  471.806880  18.695568  432.000364  460.463207  467.664144   
21     60.0  471.775062  18.683991  432.363894  460.488598  467.580472   
22     60.0  471.744082  18.673465  432.806157  460.506010  467.430407   
23     60.0  471.713141  18.663162  433.327439  460.512196  467.322700   

             75%         max  
hist                          
00    482.644465  516.424423  
01    482.944273  516.656884  
02    483.206477  516.883507  
03    483.114379  517.103352  
04    483.012703  517.318161  
05    483.164926  517.529669  
06    483.451189  517.737435  
07    484.921210  517.938293  
08    484.741845  518.128846  
09    484.355593  518.305161  
10    484.823156  518.461374  
11    485.392118  518.592619  
12    485.968889  518.689387  
13    486.130990  518.742166  
14    486.280323  518.743719  
15    486.412440  518.684898  
16    486.336917  518.561418  
17    485.957757  518.367644  
18    485.862862  518.095591  
19    485.070204  517.741840  
20    483.684693  517.304548  
21    482.742737  516.785623  
22    482.653967  516.184916  
23    482.585172  516.187942  

us-west2
      count        mean        std         min         25%         50%  \
hist                                                                     
00     60.0  498.436916  60.689978  286.976190  482.306554  498.063784   
01     60.0  498.236154  60.894866  286.958892  482.139044  497.482607   
02     60.0  498.013079  61.115390  286.945977  482.250605  497.021651   
03     60.0  497.788972  61.344128  286.936759  482.290900  497.190152   
04     60.0  497.577723  61.570190  286.930629  481.812871  497.510524   
05     60.0  497.383270  61.786530  286.927121  481.494150  497.690711   
06     60.0  497.204235  61.991699  286.925985  481.483302  497.152197   
07     61.0  497.788619  61.945808  286.926991  481.987251  497.358803   
08     61.0  497.635557  62.135287  286.929986  482.246950  497.868487   
09     61.0  497.490662  62.319968  286.934862  482.539398  498.397984   
10     61.0  497.349837  62.500242  286.941481  482.927024  498.937856   
11     61.0  497.208576  62.677015  286.949757  483.241040  499.470363   
12     61.0  497.064088  62.853702  286.959679  483.155810  499.917872   
13     61.0  496.915419  63.035923  286.971268  482.926491  499.882619   
14     61.0  496.760961  63.228748  286.984608  482.665649  499.504235   
15     61.0  496.598307  63.439259  286.999855  482.385896  499.230020   
16     61.0  496.424389  63.678617  287.017191  482.103513  499.581069   
17     61.0  496.235450  63.960332  287.036784  481.834841  499.864009   
18     60.0  499.513000  58.747013  287.239702  484.427445  499.870982   
19     60.0  499.294966  59.176314  287.164884  484.086888  499.751514   
20     60.0  499.085647  59.605409  287.107042  483.732290  499.570494   
21     60.0  498.904568  59.974705  287.062428  483.359584  499.640287   
22     60.0  498.751809  60.261541  287.026983  482.965091  499.518299   
23     60.0  498.604901  60.487828  286.998612  482.636718  498.563580   

             75%         max  
hist                          
00    517.445405  615.937913  
01    516.804401  615.442127  
02    516.200210  618.130387  
03    515.659250  620.425236  
04    515.921327  622.359133  
05    516.167920  623.983956  
06    516.444644  625.313400  
07    519.804577  626.365089  
08    520.525748  627.128770  
09    520.184893  627.593195  
10    518.728964  627.763210  
11    519.293650  627.667158  
12    519.815384  627.363800  
13    520.234599  626.925481  
14    520.544480  626.364144  
15    520.739877  625.677913  
16    520.819987  624.872873  
17    520.631234  623.961664  
18    520.126902  622.967570  
19    519.635792  621.919943  
20    519.188874  620.822687  
21    518.779831  619.675407  
22    518.406232  618.478634  
23    518.068491  617.232621  

ca-central-1
      count       mean       std        min        25%        50%        75%  \
hist                                                                           
00     60.0  68.031861  3.813455  62.430000  65.628333  67.709167  70.545625   
01     60.0  68.313083  3.250678  62.480833  66.208125  67.900417  70.322917   
02     60.0  68.020028  3.050130  61.158333  66.317083  67.665833  70.203750   
03     60.0  67.544444  3.045834  60.031667  65.592917  67.805000  69.424792   
04     60.0  67.422194  3.812005  61.190000  64.400417  67.214583  69.802708   
05     60.0  67.748694  2.941097  60.774167  66.043542  68.055417  69.206875   
06     60.0  67.775194  3.062656  60.197500  65.588125  68.062917  69.892708   
07     60.0  67.469597  3.830582  60.818333  64.544583  67.291250  70.225000   
08     60.0  67.499958  3.156826  62.078333  65.101042  66.898333  70.075000   
09     60.0  67.540042  3.589264  60.986667  65.394583  67.267500  69.399167   
10     61.0  68.008620  3.059910  62.025000  65.836667  67.526667  70.200833   
11     61.0  68.325833  3.177895  62.429167  66.346667  67.864167  70.175833   
12     61.0  68.870820  3.279171  61.406667  66.509167  68.655833  71.051667   
13     61.0  68.593716  3.246908  62.968333  66.089167  68.307500  70.179167   
14     61.0  68.509385  3.533834  63.388333  65.698333  68.097500  70.592500   
15     61.0  68.529444  3.369035  61.943333  66.181667  68.048333  70.465833   
16     61.0  68.470314  3.422759  61.983333  65.658333  68.770833  71.141667   
17     61.0  68.175833  3.436903  63.410833  65.165000  68.090833  70.255000   
18     61.0  67.804098  3.671483  60.499167  64.923333  67.648333  70.359167   
19     61.0  68.347459  3.705094  61.234167  66.274167  68.187500  69.964167   
20     61.0  67.911516  4.182306  61.041667  65.177500  67.216667  70.392500   
21     60.0  67.646139  3.619366  63.034167  65.032083  66.887500  69.449375   
22     60.0  67.961472  3.207271  62.130833  65.488125  67.623750  70.127292   
23     60.0  67.487028  3.115936  61.475833  65.247708  67.173750  69.340833   

            max  
hist             
00    79.851667  
01    75.789167  
02    78.452500  
03    75.286667  
04    79.314167  
05    74.346667  
06    73.436667  
07    75.768333  
08    75.045833  
09    76.948333  
10    75.065833  
11    77.950833  
12    77.563333  
13    78.564167  
14    80.165000  
15    78.316667  
16    74.862500  
17    76.738333  
18    76.121667  
19    79.513333  
20    82.315833  
21    83.935000  
22    76.121667  
23    77.317500  

ap-northeast-1
      count       mean       std        min        25%        50%        75%  \
hist                                                                           
00     61.0  68.219631  2.561039  63.445000  66.200833  68.345833  69.892500   
01     61.0  68.119440  2.413349  63.497500  66.682500  68.087500  69.372500   
02     61.0  68.506817  2.675089  63.735000  66.616667  68.469167  70.140000   
03     61.0  68.416216  3.189801  63.640833  66.994167  68.015000  69.223333   
04     61.0  67.467186  2.744834  62.998333  65.236667  67.254167  69.258333   
05     61.0  68.200874  2.120860  63.409167  66.875833  68.060833  69.414167   
06     61.0  68.419986  2.649582  63.719167  66.438333  68.101667  69.543333   
07     61.0  68.997705  4.600805  63.825833  66.753333  68.015833  70.466667   
08     61.0  69.322049  2.994462  63.467500  67.067500  69.048333  70.965833   
09     61.0  70.447077  2.798122  64.333333  68.298333  70.493333  72.281667   
10     60.0  70.397681  3.128849  64.866667  68.393333  70.142500  71.828750   
11     60.0  69.962167  3.065326  64.375000  67.736667  70.040000  71.183542   
12     60.0  69.988583  3.473691  63.885000  67.107083  69.505000  72.965208   
13     60.0  70.783083  3.214709  64.915000  68.806875  70.537917  72.656042   
14     60.0  70.666736  2.720257  65.381667  68.840417  70.281250  71.984583   
15     60.0  70.470043  3.531110  65.488333  67.390000  70.315417  72.368958   
16     60.0  69.997292  2.614503  65.245000  67.905417  70.128333  71.433125   
17     60.0  70.075097  2.926951  65.242500  67.795417  69.584167  72.185625   
18     60.0  70.876625  3.117598  64.862500  68.962708  70.656667  72.874375   
19     60.0  69.912556  3.172167  63.930833  67.906875  69.596250  71.720833   
20     60.0  69.952764  3.102643  63.636667  67.955833  69.595417  72.096250   
21     60.0  69.336181  2.720633  63.853333  67.370625  69.179167  71.062917   
22     60.0  69.250189  3.338142  62.700833  66.261875  69.456920  71.490833   
23     61.0  68.615601  2.499709  64.261667  66.935833  68.085833  69.889167   

            max  
hist             
00    73.430833  
01    73.977500  
02    74.289167  
03    88.283333  
04    74.475833  
05    72.776667  
06    76.665833  
07    98.866667  
08    76.865833  
09    78.148333  
10    80.685833  
11    77.746667  
12    76.481667  
13    79.400833  
14    80.310833  
15    84.090075  
16    77.337500  
17    79.425833  
18    78.421667  
19    78.537500  
20    77.250833  
21    77.082500  
22    76.288333  
23    77.505000  

ap-southeast-2
      count       mean       std        min        25%        50%        75%  \
hist                                                                           
00     61.0  71.400915  4.163705  65.017500  68.559167  70.690000  73.042500   
01     61.0  70.267104  3.658634  63.527500  68.027500  70.415000  72.453333   
02     61.0  70.273142  3.008760  63.620000  68.343333  70.155833  72.441667   
03     61.0  70.364754  3.149664  63.876667  68.286667  70.291667  72.500833   
04     61.0  70.003730  3.641010  63.251667  67.371667  70.380833  72.084167   
05     61.0  70.712454  3.706997  63.915833  67.813333  70.620833  72.868333   
06     61.0  70.906803  3.264388  63.480833  68.961667  70.498333  73.043333   
07     61.0  70.954167  2.866452  64.763333  69.235833  70.720833  72.655833   
08     61.0  71.495533  3.110224  63.124167  69.669167  71.307500  73.857500   
09     61.0  71.374208  3.119431  65.758333  68.755000  71.315000  72.971667   
10     61.0  71.358880  3.016465  65.533333  69.260000  71.354167  73.334167   
11     60.0  71.453528  3.188979  63.925000  69.747292  70.904167  72.947083   
12     60.0  72.286958  2.762130  65.555000  70.470417  72.264583  73.760417   
13     60.0  71.545958  3.211847  63.629167  69.145833  71.623333  73.072917   
14     60.0  71.500569  3.278636  64.510000  69.498958  71.399583  73.421458   
15     60.0  71.254125  2.951512  63.876667  69.145833  71.196250  73.220833   
16     60.0  71.961194  3.491849  63.385000  69.918542  71.400417  74.412083   
17     60.0  71.467375  2.907193  65.802500  69.362500  71.285000  73.032292   
18     60.0  71.658583  2.943056  65.900000  69.771250  71.604167  73.426875   
19     60.0  70.871208  3.356377  62.116667  68.680000  70.729167  73.148333   
20     60.0  71.001042  3.060091  64.786667  68.554792  70.900833  73.823125   
21     60.0  70.766819  2.647041  64.995000  68.878333  70.617083  72.485208   
22     60.0  71.127333  3.248181  65.624167  68.776458  70.701250  72.360208   
23     60.0  70.816062  3.384909  64.938333  68.525000  70.474583  73.627917   

            max  
hist             
00    91.396667  
01    79.116667  
02    76.593333  
03    76.525000  
04    86.111667  
05    83.244167  
06    82.139167  
07    77.519167  
08    77.428333  
09    78.687500  
10    78.172500  
11    80.219167  
12    80.224167  
13    78.106667  
14    79.218333  
15    76.701667  
16    80.865000  
17    79.598333  
18    78.450833  
19    78.384167  
20    76.240000  
21    80.465000  
22    79.994167  
23    78.423333  

ap-south-1
      count       mean       std        min        25%        50%        75%  \
hist                                                                           
00     61.0  71.561066  4.265082  64.676667  68.331667  71.409167  74.550000   
01     61.0  70.002527  2.958577  64.086667  67.846667  69.352500  72.311667   
02     61.0  69.399126  3.334892  62.159167  66.510833  69.591667  72.168333   
03     61.0  69.189194  2.954514  61.286667  67.338333  69.199167  71.547500   
04     61.0  68.578825  3.305647  62.013333  66.418333  68.003333  70.788333   
05     61.0  69.443634  3.182809  63.547500  66.975833  69.691667  71.685833   
06     60.0  69.390944  2.915833  62.271667  67.749792  69.087083  71.419583   
07     60.0  70.741014  3.362401  64.675000  68.252708  70.224167  72.559167   
08     60.0  70.568847  3.210830  64.348333  68.425208  70.365833  72.700625   
09     60.0  70.184917  3.452561  62.645833  68.133333  69.296250  72.113542   
10     60.0  71.286083  3.349258  64.616667  68.885417  71.216667  73.277083   
11     60.0  71.449333  3.891251  64.452500  69.196250  71.062917  73.326250   
12     60.0  71.366403  3.300688  64.431667  69.016250  71.318750  73.565625   
13     60.0  71.717611  3.654352  65.485833  69.009583  72.347917  74.110833   
14     60.0  71.586764  3.285312  65.223333  69.028750  70.788333  73.935833   
15     60.0  71.579583  3.776998  64.130833  69.397292  70.864167  73.732708   
16     60.0  71.209778  2.998175  64.697500  69.390417  70.722917  73.549792   
17     60.0  71.542889  3.109570  64.759167  69.615833  71.094583  73.474375   
18     60.0  70.908111  3.128078  65.546667  68.602917  70.858333  73.175417   
19     61.0  71.876202  6.610621  63.652500  69.351667  71.277500  73.020833   
20     61.0  71.302432  3.172919  63.990000  68.875000  71.403333  73.515000   
21     61.0  71.251284  3.546146  65.305000  68.985000  70.978333  72.980833   
22     61.0  71.482637  3.163107  63.905000  69.808333  71.833333  73.175833   
23     61.0  71.275137  3.928785  64.275833  68.050833  71.219167  73.384167   

             max  
hist              
00     83.640000  
01     76.440000  
02     77.163333  
03     76.069167  
04     78.257500  
05     76.872500  
06     76.504167  
07     81.208333  
08     78.078333  
09     77.888333  
10     78.500000  
11     82.292500  
12     78.001667  
13     81.422500  
14     79.875000  
15     81.724167  
16     78.273333  
17     80.414167  
18     77.708333  
19    117.680000  
20     81.414167  
21     80.776667  
22     79.020833  
23     83.452500  

eu-west-2
      count       mean       std        min        25%        50%        75%  \
hist                                                                           
00     61.0  66.434768  2.309286  61.868333  64.878333  65.983333  67.575833   
01     61.0  66.973579  2.407419  62.487500  65.034167  67.077500  68.314167   
02     60.0  67.073542  3.165424  62.330833  64.499583  66.875000  69.021042   
03     60.0  66.344819  2.536736  61.246667  64.514167  66.393750  68.329792   
04     60.0  66.351306  2.893131  61.943333  63.968750  66.130833  68.360833   
05     60.0  65.975417  2.775461  61.690000  64.446667  65.187917  67.582708   
06     60.0  66.699417  2.678891  61.674167  64.748542  66.302917  68.435833   
07     60.0  66.403500  2.342863  62.362500  64.699167  66.056250  68.151875   
08     60.0  66.222458  2.590665  62.066667  64.327292  65.639167  67.706458   
09     60.0  67.083361  2.730832  62.502500  65.217708  66.594583  68.456667   
10     60.0  67.284333  2.442908  63.005000  65.403750  66.825000  68.816458   
11     60.0  68.138236  2.773878  63.680000  65.980208  67.836667  70.085625   
12     60.0  67.117597  2.824482  62.205833  64.785417  66.949167  68.338125   
13     60.0  68.278875  2.714156  63.975000  66.482708  67.995000  69.915833   
14     60.0  67.594136  2.258123  64.445000  65.980417  67.124917  68.775625   
15     61.0  67.181148  2.198009  63.450000  65.536667  66.906667  68.648333   
16     61.0  67.820943  2.808474  61.704167  65.920833  67.019167  69.540833   
17     61.0  68.143265  3.066400  62.364167  65.990000  67.849167  69.653333   
18     61.0  66.913333  2.846532  63.050000  64.988333  66.429167  68.215000   
19     61.0  67.449522  2.575143  61.887500  65.678333  67.032500  69.005000   
20     61.0  67.101284  2.847077  62.299167  65.230833  66.512500  68.741667   
21     61.0  67.598743  3.063166  63.313333  65.317500  67.560000  68.910000   
22     61.0  67.034331  2.646465  63.170000  65.258333  66.472500  68.433333   
23     61.0  67.427254  3.348623  62.490833  64.754167  66.549167  68.922500   

            max  
hist             
00    72.620833  
01    74.285000  
02    74.680000  
03    71.534167  
04    72.901667  
05    76.079167  
06    73.685833  
07    71.870000  
08    72.835000  
09    77.270833  
10    73.636667  
11    73.603333  
12    75.203333  
13    76.109167  
14    75.189167  
15    72.113333  
16    75.075833  
17    76.071667  
18    79.238333  
19    74.150000  
20    74.005833  
21    79.161667  
22    75.546667  
23    76.841667  

sa-east-1
      count       mean       std        min        25%        50%        75%  \
hist                                                                           
00     60.0  65.488222  2.678906  59.709167  63.545417  64.681250  67.016250   
01     60.0  65.041378  2.508334  60.840000  63.293542  64.992917  66.471250   
02     60.0  64.806500  2.098852  60.595833  63.266875  64.837500  66.379583   
03     60.0  65.071542  2.519110  60.072500  63.473333  64.892917  66.530625   
04     60.0  65.818556  3.002375  60.275000  63.957500  65.547083  67.843958   
05     60.0  65.406736  2.816407  59.695000  63.265625  65.097917  67.386875   
06     60.0  65.529931  2.502805  61.235833  63.958958  65.052500  66.599167   
07     60.0  65.362403  2.233872  60.748333  63.885417  65.288750  66.807292   
08     60.0  65.093708  2.154094  60.955833  63.795208  65.035000  66.125417   
09     60.0  65.911542  2.975026  60.422500  64.003958  65.253750  67.855625   
10     60.0  66.208350  2.436378  60.135000  64.805833  65.944583  67.561667   
11     61.0  66.273470  2.925197  61.658333  63.999167  65.932500  68.211667   
12     61.0  66.246475  2.205590  62.553333  64.428333  66.080000  68.023333   
13     61.0  65.894426  2.584605  60.520000  63.892500  65.452500  68.025833   
14     61.0  66.196721  2.518543  61.635833  64.429167  65.879167  67.722500   
15     61.0  66.451093  3.126254  61.735833  63.976667  66.031667  68.164167   
16     61.0  66.564399  2.260033  60.980833  65.255000  66.140833  67.961667   
17     61.0  65.621503  2.294743  61.142500  63.950833  65.133333  67.268333   
18     61.0  66.477423  2.444900  61.730000  64.865000  66.252500  67.978333   
19     61.0  66.339112  2.796219  61.655833  64.387500  65.844167  67.933333   
20     61.0  66.518893  2.634364  61.738333  64.669167  65.831667  68.571667   
21     61.0  66.000492  2.336602  62.261667  64.071667  65.781667  67.651667   
22     60.0  65.972861  2.468322  61.595833  64.101458  65.681667  67.793125   
23     60.0  66.178931  2.439623  61.715000  64.724375  66.373333  67.364792   

            max  
hist             
00    72.005000  
01    73.977500  
02    69.950833  
03    70.721667  
04    73.606667  
05    73.277500  
06    72.776667  
07    70.573333  
08    70.030000  
09    74.373333  
10    71.557500  
11    73.700000  
12    70.366667  
13    71.618333  
14    72.109167  
15    74.478333  
16    73.865000  
17    70.525833  
18    74.734167  
19    75.253333  
20    71.925833  
21    71.930833  
22    72.968333  
23    72.516667  

eu-central-1
      count       mean       std        min        25%        50%        75%  \
hist                                                                           
00     61.0  68.088620  2.463676  63.399167  66.289167  68.197500  69.596667   
01     61.0  67.299167  2.402413  61.829167  66.014167  66.892500  68.679167   
02     61.0  67.817978  2.651260  61.763333  66.007500  67.354167  69.510000   
03     60.0  66.876528  2.619815  62.675000  64.857292  66.417917  68.604375   
04     60.0  67.411569  2.523294  63.223333  65.796667  66.952500  68.364792   
05     60.0  66.995736  2.420888  61.636667  65.131042  66.705417  68.787917   
06     60.0  67.724778  2.287020  63.323333  66.110833  67.619583  69.334792   
07     60.0  67.094569  2.425479  62.859167  65.236042  66.861667  68.832708   
08     60.0  67.716278  2.102638  63.150833  66.268958  67.360833  68.720417   
09     60.0  68.483764  2.633422  63.150833  66.645625  68.020833  70.223958   
10     60.0  68.553833  2.183343  63.655000  66.819583  68.444583  69.949792   
11     60.0  68.590222  2.308198  64.951667  66.907083  68.374167  69.918125   
12     60.0  68.652264  2.446765  64.393333  66.433333  68.382083  70.191667   
13     60.0  68.752722  2.512336  64.209167  66.989167  68.416667  70.282500   
14     60.0  69.449319  2.337345  63.393333  68.008542  69.530833  71.099792   
15     60.0  69.389942  2.811605  63.920833  67.613542  69.377500  71.444167   
16     61.0  69.367555  2.564441  64.460833  67.560000  69.478333  70.599167   
17     61.0  68.906981  2.911178  64.180000  66.571667  68.318333  71.033333   
18     61.0  68.836885  2.650758  63.674167  67.059167  68.455000  70.633333   
19     61.0  68.751120  2.637507  63.514167  66.999167  68.326667  70.710833   
20     61.0  68.989098  2.357649  63.427500  67.741667  68.691667  70.719167   
21     61.0  68.637541  2.542492  63.143333  67.520833  68.420000  70.134167   
22     61.0  68.732514  2.622963  64.419167  67.105833  68.439167  70.120833   
23     61.0  67.664686  2.514762  63.165000  65.990000  67.202500  69.379167   

            max  
hist             
00    73.603333  
01    76.441667  
02    74.244167  
03    74.661667  
04    73.898333  
05    72.990833  
06    73.076667  
07    72.605833  
08    74.579167  
09    76.084167  
10    73.163333  
11    74.096667  
12    73.999167  
13    74.175833  
14    74.955833  
15    77.310833  
16    75.293333  
17    75.269167  
18    76.070000  
19    74.906667  
20    76.431667  
21    76.595833  
22    78.815833  
23    74.425833  

us-east-1
      count       mean       std        min        25%        50%        75%  \
hist                                                                           
00     60.0  70.417160  3.303909  62.245833  68.106042  71.200000  72.652917   
01     60.0  69.283069  3.974394  61.692500  66.028125  69.023333  71.720833   
02     60.0  68.915528  3.454422  62.455833  66.543125  68.406667  71.307500   
03     60.0  68.744917  3.501085  61.835833  66.394167  68.775833  70.263958   
04     60.0  69.669368  3.630041  61.455833  68.055000  69.541667  72.225208   
05     60.0  68.615944  3.139745  61.844167  66.255625  68.713333  70.384792   
06     60.0  68.714664  3.203309  62.019167  66.013542  68.709167  70.349583   
07     60.0  69.503222  3.576400  63.207500  67.011875  69.028333  71.710417   
08     60.0  69.709778  3.465980  63.142500  66.773333  70.302917  72.907292   
09     60.0  70.464028  3.426445  63.550833  68.082917  70.527500  72.383125   
10     61.0  71.171995  3.362545  62.465833  68.546667  71.481667  73.339167   
11     61.0  71.611603  4.042055  64.356667  68.950833  71.615000  73.830833   
12     61.0  70.834372  3.338504  65.019167  69.020000  70.391667  73.063333   
13     61.0  70.919918  3.823493  63.762500  68.327500  70.898333  72.231667   
14     61.0  70.975396  3.747128  63.562500  68.252500  70.663333  72.907500   
15     61.0  71.111125  3.184327  62.808333  69.430000  70.740000  72.833333   
16     61.0  70.901339  3.609384  63.606667  68.352500  70.684167  72.784167   
17     61.0  70.726243  3.843014  62.325000  68.119167  70.167500  72.993333   
18     61.0  71.201639  3.488337  65.407500  68.638333  70.734167  73.255000   
19     61.0  70.654549  3.580308  63.758333  68.587500  70.178333  73.444167   
20     61.0  70.903743  2.991179  65.852500  68.853333  70.626667  73.093333   
21     60.0  70.646401  3.594741  62.667500  68.591952  70.727500  72.821250   
22     60.0  69.966475  3.394497  63.031667  67.835625  70.151869  72.260833   
23     60.0  69.121354  3.625774  62.070833  66.479792  68.623333  71.251042   

            max  
hist             
00    75.937500  
01    78.593333  
02    77.715000  
03    76.170000  
04    76.945000  
05    76.790000  
06    76.276667  
07    78.492500  
08    75.959167  
09    78.300000  
10    77.976667  
11    81.259167  
12    81.489167  
13    81.562500  
14    80.144167  
15    78.349167  
16    80.170000  
17    84.313333  
18    80.145000  
19    80.861667  
20    76.614167  
21    78.835833  
22    76.892500  
23    80.330833  

us-west-1
      count      mean       std       min       25%       50%       75%  \
hist                                                                      
00     60.0 -0.707815  1.647013 -3.659920 -1.931186 -0.829036  0.061898   
01     60.0 -0.511568  1.493539 -3.204674 -1.664059 -0.644171  0.621586   
02     60.0 -0.529944  1.076142 -2.300690 -1.392720 -0.744074  0.103545   
03     60.0 -0.024014  1.591159 -3.385050 -1.118564  0.134303  0.961244   
04     60.0 -0.155114  1.814532 -4.981948 -1.036165  0.044947  0.964981   
05     60.0 -0.392974  1.085287 -3.089694 -1.093750 -0.353636  0.360137   
06     60.0 -0.022348  1.247384 -2.255140 -0.801193 -0.309622  0.291196   
07     61.0 -0.275919  1.992725 -3.100134 -1.696829 -0.696134  0.857380   
08     61.0  0.271093  1.137308 -1.920536 -0.503136  0.192626  0.684891   
09     61.0  1.152005  1.473482 -2.142229  0.367814  1.492799  2.269612   
10     61.0  0.364032  1.775727 -2.110752 -1.021102 -0.062813  1.648976   
11     61.0  0.532575  1.337453 -2.454556 -0.301870  0.709518  1.501712   
12     61.0  0.806139  1.671150 -3.531950 -0.015732  0.838091  1.877995   
13     61.0  0.557272  1.690303 -4.328816 -0.142182  0.716857  1.761816   
14     61.0  0.323722  1.149349 -1.684521 -0.618276  0.309416  1.169245   
15     61.0  0.407146  1.374748 -1.802042 -0.585656  0.146173  1.319203   
16     61.0  0.577889  1.063415 -1.205715 -0.232485  0.587620  1.481766   
17     61.0  0.411344  1.427957 -2.587514 -0.883339  0.292837  1.449844   
18     60.0 -0.006433  1.577713 -4.155692 -1.077634  0.202236  1.265829   
19     60.0 -0.297971  1.338276 -4.501371 -1.194183 -0.168963  0.630880   
20     60.0  0.063675  1.558927 -3.274543 -1.029417 -0.075885  1.387221   
21     60.0 -0.480630  1.317245 -3.217127 -1.391676 -0.396885  0.479458   
22     60.0 -1.022924  1.517995 -3.820808 -2.100134 -1.411532  0.138689   
23     60.0 -0.976866  0.837841 -2.758679 -1.657281 -0.941448 -0.312577   

           max  
hist            
00    3.609376  
01    3.125225  
02    1.798116  
03    3.579448  
04    3.432283  
05    2.503069  
06    4.069995  
07    5.219044  
08    3.751459  
09    3.582493  
10    5.372328  
11    2.959237  
12    3.829831  
13    2.835392  
14    2.974802  
15    3.638276  
16    2.592223  
17    3.624445  
18    2.465981  
19    2.824517  
20    2.883503  
21    2.568155  
22    2.587706  
23    0.754634  

us-west-2
      count      mean       std       min       25%       50%       75%  \
hist                                                                      
00     60.0 -0.233173  1.581869 -2.946546 -1.477299 -0.411750  0.715749   
01     60.0 -0.347822  1.387524 -2.577466 -1.437629 -0.594646  0.676552   
02     60.0 -0.185801  1.442379 -2.895876 -1.257861 -0.181198  0.406320   
03     60.0 -0.300522  1.401181 -5.963413 -0.989247 -0.185873  0.603402   
04     60.0 -0.304262  0.959192 -3.001225 -0.866210 -0.301297  0.292072   
05     60.0 -0.864275  1.315445 -3.977462 -1.472944 -0.984680 -0.330257   
06     60.0 -0.187562  1.305356 -3.669715 -1.100315 -0.163208  0.754157   
07     61.0  0.449976  1.285763 -1.874302 -0.300491  0.286639  1.182577   
08     61.0 -0.139842  1.588396 -3.497494 -1.317463 -0.020015  1.110287   
09     61.0  0.516626  1.286896 -1.950470 -0.306937  0.545624  1.405822   
10     61.0  0.526513  1.265715 -1.690602 -0.290669  0.335904  1.536144   
11     61.0  0.007578  1.224700 -3.308961 -0.958263  0.258384  0.868793   
12     61.0  0.053908  1.218913 -2.045412 -0.856111 -0.171201  0.968804   
13     61.0  0.536578  1.547655 -3.462763 -0.269718  0.903595  1.812744   
14     61.0 -0.254612  1.450586 -3.906375 -0.969044 -0.428148  0.471702   
15     61.0  0.511462  1.523422 -3.475586 -0.486428  0.483469  1.897917   
16     61.0  0.168574  0.954967 -1.929923 -0.542047  0.261070  0.837948   
17     61.0  0.364546  1.117161 -2.176506 -0.316157  0.515496  1.041694   
18     60.0 -0.227516  1.231916 -3.174618 -0.845262 -0.268549  0.289245   
19     60.0  0.083616  1.380010 -2.332329 -1.304055  0.092102  0.677908   
20     60.0  0.177569  1.732840 -3.156794 -1.185541  0.051603  1.243451   
21     60.0 -0.774089  1.405547 -3.651929 -1.646932 -0.787265  0.267814   
22     60.0  0.496726  1.226952 -1.733567 -0.051730  0.319497  1.061406   
23     60.0 -0.059217  1.465360 -2.816004 -1.181686 -0.099497  1.200356   

           max  
hist            
00    5.180492  
01    3.007921  
02    3.019592  
03    2.002927  
04    2.030646  
05    2.517587  
06    2.937687  
07    3.970544  
08    3.083782  
09    3.296839  
10    3.272928  
11    1.904463  
12    3.067387  
13    2.926346  
14    3.533291  
15    2.888034  
16    2.253195  
17    2.698219  
18    4.082083  
19    3.360697  
20    5.033109  
21    1.879812  
22    4.837442  
23    2.716201  

