australia-southeast1
      count      mean       std       min       25%       50%       75%  \
hist                                                                      
1       9.0 -2.401170  0.949197 -3.823374 -2.829660 -2.664725 -1.859274   
2       9.0  4.779842  4.257864 -2.292618  2.124794  5.489597  7.591790   
3       9.0  4.794710  4.730472 -0.011631  1.893152  2.628415  7.241526   
4       9.0  3.729737  8.050330 -9.469952 -1.161304  3.982699  9.149739   
5       9.0  2.033233  0.990754  0.201915  1.901710  1.941535  2.432861   
6       8.0 -6.383719  1.172681 -8.132659 -7.146202 -6.327488 -5.714801   
7       8.0 -7.060693  1.011798 -8.459888 -7.758660 -7.046808 -6.644716   

            max  
hist             
1     -0.714096  
2     10.806807  
3     13.907159  
4     15.339081  
5      3.744258  
6     -4.773120  
7     -5.158961  

asia-south1
      count      mean       std        min       25%       50%       75%  \
hist                                                                       
1       9.0  3.675011  0.772968   2.396179  3.166773  3.734238  4.333241   
2       9.0  3.740505  2.714069   1.379005  1.518010  2.735678  5.425369   
3       9.0 -1.168530  1.540491  -3.451370 -2.251117 -1.340484 -0.234537   
4       9.0  3.070000  2.771817  -2.200143  1.955324  4.122682  5.119593   
5       9.0 -3.433352  5.977963 -13.119306 -7.380740 -1.519873  1.221436   
6       8.0 -1.064223  6.613417  -6.030433 -5.447588 -4.965982  2.343585   
7       8.0 -6.341883  1.734322  -9.817748 -6.664192 -5.841465 -5.145124   

            max  
hist             
1      4.796476  
2      8.642068  
3      1.585644  
4      6.251383  
5      3.640392  
6     11.321812  
7     -4.762337  

europe-west2
      count       mean        std        min        25%        50%        75%  \
hist                                                                            
1       9.0  -3.627573   1.608586  -5.628351  -5.319885  -3.776353  -2.686064   
2       9.0   6.559577   1.084890   4.947249   5.758975   6.621650   7.311596   
3       9.0   1.144654   3.877413  -6.498017  -1.737501   1.925773   4.104231   
4       9.0   6.343822   5.697377  -1.939042   3.068412   5.890840   9.322235   
5       9.0 -11.878768  26.465167 -62.373501 -27.402786   0.665165   5.128120   
6       8.0  12.976532  18.983516  -2.175055   0.907698   2.874141  20.508288   
7       8.0 -16.792742   1.062897 -18.364922 -17.401235 -17.099410 -15.971647   

            max  
hist             
1     -1.029893  
2      8.363956  
3      5.136116  
4     16.121255  
5     12.054173  
6     49.725197  
7    -15.375464  

asia-northeast1
      count       mean        std        min        25%        50%        75%  \
hist                                                                            
1       9.0  23.106212   7.453236  14.027473  16.907088  22.963198  29.069243   
2       9.0  26.332766  43.791681 -20.699815  -5.370028  12.847110  52.504851   
3       9.0   2.616698   5.675727  -8.369004  -0.357122   4.783935   7.067653   
4       9.0 -20.111629  22.872381 -65.956864 -30.219051  -8.137073  -4.413359   
5       9.0 -15.684540  27.643480 -66.971439 -32.595791  -5.251799   3.722388   
6       8.0 -17.713924   5.027353 -23.852367 -22.869177 -16.812685 -12.885898   
7       8.0  -5.044787   9.244832 -12.008497 -10.746666  -9.996494  -2.111246   

             max  
hist              
1      35.630469  
2     104.927422  
3       7.775884  
4      -2.835701  
5      12.127068  
6     -12.712907  
7      13.301393  

europe-west3
      count      mean       std        min        25%       50%        75%  \
hist                                                                         
1       9.0 -2.678519  2.623904  -8.083976  -3.477475 -1.636855  -1.125590   
2       9.0  0.860456  6.070880 -11.014583  -2.227737  3.748036   5.295411   
3       9.0  3.096952  3.333507  -2.626001   1.502914  2.804445   5.826520   
4       9.0  7.182803  3.217436   3.656909   4.313634  6.977443   9.348475   
5       9.0  7.686051  7.201351   1.433138   2.865928  4.497161  10.042581   
6       8.0 -8.115624  4.416570 -14.076577 -10.588902 -8.686996  -6.311184   
7       8.0 -8.216121  4.336926 -17.173220  -8.574331 -6.935195  -6.282958   

            max  
hist             
1     -0.279891  
2      5.940004  
3      7.217502  
4     12.871825  
5     22.382167  
6      0.365547  
7     -3.290023  

northamerica-northeast1
      count      mean       std       min       25%       50%       75%  \
hist                                                                      
1       9.0  3.696096  1.530540  1.864743  2.943142  3.228146  4.175626   
2       9.0  3.221191  2.787535 -1.886280  1.642687  4.106052  5.544957   
3       9.0  3.218364  2.276209 -0.427798  2.033686  3.691017  5.066908   
4       9.0 -1.253916  3.623295 -8.593568 -2.591458  0.513843  0.847246   
5       8.0 -2.240720  2.732564 -5.996744 -4.292714 -2.315334 -0.027923   
6       8.0 -3.722605  2.012810 -6.675156 -5.283398 -3.766326 -2.202431   
7       9.0 -2.782379  2.774170 -5.624139 -4.592985 -3.820415 -1.822577   

           max  
hist            
1     6.738718  
2     5.728449  
3     6.434787  
4     2.126430  
5     1.403065  
6    -1.128500  
7     2.674561  

southamerica-east1
      count      mean        std        min        25%       50%        75%  \
hist                                                                          
1       9.0  8.553136   4.351911   1.649365   5.472290  9.029528  11.765028   
2       9.0  4.543406   2.506343   0.078398   3.119612  5.257105   6.199477   
3       9.0  2.559681  12.025452 -11.737272  -6.500954  0.243399  10.166326   
4       9.0 -9.941353  11.505296 -32.197343 -16.079672 -3.727484  -1.543712   
5       8.0  0.026174   1.676682  -3.084011  -0.690907  0.668187   0.889034   
6       8.0 -2.472089   1.016988  -4.030601  -3.020994 -2.399573  -1.891312   
7       9.0 -3.817166   1.032936  -5.424355  -4.581866 -3.757291  -2.837389   

            max  
hist             
1     15.721381  
2      7.688398  
3     23.335846  
4     -1.347911  
5      1.972790  
6     -0.936555  
7     -2.331401  

us-east4
      count       mean        std        min        25%        50%        75%  \
hist                                                                            
1       9.0  -5.928284  11.268795 -22.770108 -14.504299  -4.588322   3.139573   
2       9.0  32.569945  12.119366  21.940520  22.277289  26.584274  41.466920   
3       9.0  -3.158693   3.957282  -8.992254  -6.887614  -2.251198  -0.506491   
4       9.0   0.928101   8.534518 -15.403013  -1.369324   2.820927   6.496063   
5       8.0  -0.715165   7.617186 -14.142573  -5.419153   2.735361   5.213136   
6       8.0 -10.261901   2.234361 -12.321246 -11.614319 -11.181540  -9.741619   
7       9.0 -14.097712   5.452094 -22.134978 -17.156329 -13.966368 -10.191933   

            max  
hist             
1      8.697479  
2     52.523654  
3      2.306333  
4      9.939973  
5      5.584831  
6     -5.752331  
7     -5.875067  

us-west2
      count       mean        std        min        25%        50%        75%  \
hist                                                                            
1       9.0   2.808431  21.641607 -21.500004 -12.666067  -2.894965  14.743041   
2       9.0 -15.021442  11.195395 -32.988249 -21.394018 -14.270413  -9.162344   
3       9.0  -8.265591   6.835424 -20.658493 -13.356857  -8.229272  -2.123914   
4       9.0   0.313577   6.179348 -12.023040  -2.116977   2.690968   4.865092   
5       8.0   6.062849   9.849238  -4.843704  -1.969985   4.139772  12.507997   
6       8.0  11.057954  21.732410  -4.132980  -3.584315  -2.095535  21.754721   
7       9.0  -0.918120   2.805717  -6.424350  -1.811769   0.256541   0.322896   

            max  
hist             
1     42.512985  
2      1.552299  
3     -0.328408  
4      5.883347  
5     22.190809  
6     52.327742  
7      2.505752  

us-west4
      count      mean        std        min       25%       50%       75%  \
hist                                                                        
1       9.0  0.673281   0.593721  -0.461300  0.433943  0.750444  1.017449   
2       9.0  2.527447   2.004117   0.139381  0.539437  3.161861  4.399187   
3       9.0  2.989466   4.731525  -3.183459 -0.972366  2.834994  7.080978   
4       9.0  4.056232   5.593799  -2.147083  0.058274  2.005674  5.458042   
5       8.0 -0.929263   3.033510  -5.487195 -2.556641 -1.251848  1.013940   
6       8.0 -7.293342   3.541025 -12.220798 -9.754406 -7.488575 -4.562646   
7       9.0 -0.191530  10.115683 -17.012853 -5.821061  0.350130  6.038489   

            max  
hist             
1      1.545554  
2      4.651364  
3      9.302224  
4     15.441465  
5      3.763934  
6     -2.353809  
7     14.689255  

ap-south-1
      count      mean       std       min       25%       50%       75%  \
hist                                                                      
1       9.0  0.360929  0.741845 -0.254967 -0.181150  0.046576  0.694491   
2       9.0  0.431779  0.880075 -0.643114 -0.150874  0.212738  0.906003   
3       9.0  0.347458  0.131945  0.065893  0.314269  0.373630  0.421882   
4       9.0 -0.174593  0.889422 -1.723156 -0.777410  0.143309  0.548955   
5       9.0 -0.811695  1.139101 -3.019738 -1.391449 -0.092921 -0.016397   
6       8.0 -0.908508  0.503251 -1.659034 -1.201162 -0.910652 -0.673874   
7       8.0  0.473019  0.660486 -0.158355 -0.019737  0.213562  0.863342   

           max  
hist            
1     1.834811  
2     2.036224  
3     0.526511  
4     0.710984  
5     0.053250  
6    -0.076782  
7     1.648650  

ap-southeast-2
      count      mean       std       min       25%       50%       75%  \
hist                                                                      
1       9.0  0.129067  0.369435 -0.254347 -0.175891 -0.038359  0.396731   
2       9.0  0.006143  0.219429 -0.459288 -0.057170  0.043092  0.156872   
3       9.0 -0.151945  0.619711 -1.156176 -0.557461 -0.013877  0.351620   
4       9.0  0.181851  0.891575 -1.333101 -0.402182  0.396982  0.826095   
5       9.0 -0.015835  0.864364 -1.250280 -0.724517  0.072195  0.711056   
6       8.0 -0.036026  1.096672 -0.909517 -0.836881 -0.586871  0.565926   
7       8.0 -0.464833  0.438104 -0.974341 -0.821026 -0.513910 -0.257387   

           max  
hist            
1     0.741379  
2     0.232228  
3     0.610641  
4     1.297268  
5     1.042673  
6     1.972567  
7     0.327802  

ca-central-1
      count      mean       std       min       25%       50%       75%  \
hist                                                                      
1       9.0  0.952778  1.434851 -0.325344 -0.069015  0.234078  1.717962   
2       9.0 -0.554083  0.860209 -2.190011 -0.966745 -0.305408  0.098028   
3       9.0  0.197320  0.705964 -1.171690 -0.055814  0.442287  0.705079   
4       9.0 -0.689703  0.974617 -2.644486 -1.103378 -0.236569 -0.124674   
5       8.0 -0.766207  0.772661 -2.097517 -1.196206 -0.594323 -0.254725   
6       8.0  0.102432  0.862198 -0.721871 -0.524668 -0.152054  0.373498   
7       9.0  0.410593  0.739943 -0.228572 -0.021001  0.037104  0.658805   

           max  
hist            
1     3.697363  
2     0.299717  
3     0.942904  
4     0.249571  
5     0.186877  
6     1.772793  
7     1.940940  

ap-northeast-1
      count      mean       std       min       25%       50%       75%  \
hist                                                                      
1       9.0  0.109408  0.347059 -0.143307 -0.109143 -0.074987  0.219843   
2       9.0  0.656687  0.631330 -0.352625  0.255845  0.684250  1.094103   
3       9.0  0.422854  0.678569 -0.228144 -0.061023  0.156119  0.688872   
4       9.0  0.235711  0.372608 -0.416094  0.001656  0.344951  0.503178   
5       9.0 -0.674827  0.725639 -1.938472 -1.133120 -0.519581 -0.140213   
6       8.0 -0.782744  0.732245 -2.138158 -1.187286 -0.350542 -0.266549   
7       8.0 -0.023923  0.296339 -0.494850 -0.217074  0.011626  0.195809   

           max  
hist            
1     0.831432  
2     1.559651  
3     1.750515  
4     0.675038  
5     0.185597  
6    -0.255815  
7     0.354595  

us-east-1
      count      mean       std       min       25%       50%       75%  \
hist                                                                      
1       9.0 -0.096921  0.093428 -0.297635 -0.102978 -0.062434 -0.038144   
2       9.0  0.781025  0.670144 -0.453866  0.373745  1.207355  1.280841   
3       9.0  0.046925  0.344202 -0.358353 -0.165106 -0.069179  0.231976   
4       9.0  0.568692  0.365353  0.178990  0.314703  0.485397  0.643016   
5       8.0  0.190529  0.247691 -0.010048  0.032832  0.060040  0.290900   
6       8.0 -0.789619  0.553758 -1.667135 -1.205652 -0.570558 -0.345608   
7       9.0 -0.691035  0.085619 -0.830584 -0.744846 -0.688210 -0.642421   

           max  
hist            
1    -0.018653  
2     1.304464  
3     0.685751  
4     1.304814  
5     0.676759  
6    -0.288560  
7    -0.535273  

