                runtime                                                     
                  count       mean        std   min   25%   50%   75%    max
region                                                                      
ap-northeast-1  17370.0  69.449914  11.498890  33.0  62.0  67.0  75.0  446.0
ap-south-1      17364.0  70.704676  10.913137  42.0  63.0  69.0  77.0  231.0
ap-southeast-2  17375.0  71.127482  10.546134  40.0  64.0  71.0  78.0  241.0
ca-central-1    17382.0  68.036762  10.909589  40.0  61.0  67.0  73.0  246.0
eu-central-1    17370.0  68.289983   9.618368  35.0  62.0  67.0  73.0  170.0
eu-west-2       17358.0  67.141030  10.623037  39.0  60.0  66.0  71.0  567.0
sa-east-1       17364.0  65.866563   9.318072  36.0  59.0  65.0  70.0  178.0
us-east-1       17309.0  70.228840  10.279165  31.0  62.0  68.0  78.0  222.0
us-west-1       17358.0  69.494815  11.071164  47.0  62.0  67.0  75.0  330.0
us-west-2       17316.0  70.398706  10.962344  38.0  63.0  68.0  77.0  277.0