australia-southeast1
      count        mean        std         min         25%         50%  \
hist                                                                     
1       9.0  434.929312  20.018218  412.496445  420.012072  427.753957   
2       9.0  434.002406  20.005727  410.899869  419.179330  427.287283   
3       9.0  433.031405  20.012246  409.260960  418.328702  426.266387   
4       9.0  432.085997  20.024751  407.582273  417.884645  424.748760   
5       9.0  431.097638  19.965666  405.865276  417.971213  424.442545   
6       8.0  433.169393  18.463839  415.536307  420.865725  426.978819   
7       8.0  432.195517  18.112499  414.046468  420.279004  427.046319   

             75%         max  
hist                          
1     451.505720  465.160829  
2     447.858613  464.606236  
3     443.973529  464.572950  
4     440.188208  464.722325  
5     436.372967  464.855991  
6     439.002809  464.969879  
7     436.121446  465.066227  

asia-south1
      count        mean        std         min         25%         50%  \
hist                                                                     
1       9.0  504.566600  28.025617  476.351284  483.102032  489.712073   
2       9.0  503.469294  27.908277  475.128254  482.719385  488.253507   
3       9.0  502.380283  27.993820  473.885870  482.475919  487.116461   
4       9.0  501.368562  28.162292  472.616401  481.724497  486.465664   
5       9.0  500.357856  28.292967  471.323200  481.168915  485.933569   
6       8.0  502.783751  27.692861  478.791028  482.630943  489.091752   
7       8.0  501.343952  26.845101  477.567724  482.789758  487.965682   

             75%         max  
hist                          
1     535.701467  544.143255  
2     531.279936  544.671240  
3     527.180656  545.203473  
4     523.160598  545.764424  
5     518.239080  546.344378  
6     520.452179  545.114494  
7     516.733644  543.667181  

europe-west2
      count        mean        std         min         25%         50%  \
hist                                                                     
1       9.0  499.367314  45.814290  411.889109  487.199283  488.284414   
2       9.0  496.146073  47.877106  399.251156  486.886475  488.543155   
3       9.0  492.786370  50.368756  386.517908  486.705733  488.550640   
4       9.0  489.172232  53.327541  373.685555  486.417107  488.397631   
5       9.0  485.071714  56.641627  360.777695  485.912181  488.227239   
6       8.0  497.167734  36.259251  437.420412  487.011787  488.507855   
7       8.0  493.898586  38.104910  424.498208  486.639358  488.220190   

             75%         max  
hist                          
1     527.633984  569.158013  
2     520.433452  566.223195  
3     513.335402  563.384123  
4     506.583300  560.638331  
5     499.989130  557.988072  
6     506.051097  555.444970  
7     502.372089  553.024174  

asia-northeast1
      count        mean        std         min         25%         50%  \
hist                                                                     
1       9.0  504.910092  49.079404  408.379709  500.232125  507.841624   
2       9.0  501.508588  51.987527  402.050337  498.054393  508.761872   
3       9.0  498.823588  54.110711  395.732635  493.113344  509.515180   
4       9.0  496.816731  55.286103  389.368088  487.357889  509.237867   
5       9.0  493.782588  57.325567  382.921872  481.082550  507.703676   
6       8.0  504.649429  43.935503  421.337665  496.625311  505.772762   
7       8.0  501.534095  45.635953  414.775328  492.224038  505.622785   

             75%         max  
hist                          
1     541.870212  559.329970  
2     534.308239  559.889090  
3     526.733199  560.922070  
4     518.611140  561.861825  
5     510.882694  560.711017  
6     522.639647  558.560022  
7     521.198768  558.681273  

europe-west3
      count        mean        std         min         25%         50%  \
hist                                                                     
1       9.0  489.148045  26.023225  451.430028  475.469116  481.726054   
2       9.0  487.567339  26.165216  447.972803  475.469601  478.319820   
3       9.0  485.966617  26.297974  444.507930  476.108771  478.484079   
4       9.0  484.392734  26.504142  441.064969  475.016871  478.451932   
5       9.0  482.803354  26.822954  437.678985  474.686166  477.772013   
6       8.0  487.019668  22.332197  458.314519  475.280322  478.658047   
7       8.0  485.586116  22.433811  454.872196  475.149291  478.760484   

             75%         max  
hist                          
1     509.696087  529.788481  
2     505.944923  528.938336  
3     501.924286  528.065888  
4     498.119207  527.156501  
5     494.317295  526.209628  
6     496.365843  525.248762  
7     492.589583  524.330334  

northamerica-northeast1
      count        mean        std         min         25%         50%  \
hist                                                                     
1       9.0  468.309518  19.770611  442.954340  456.934028  460.056007   
2       9.0  468.176524  19.576683  449.934271  453.674618  457.660799   
3       9.0  469.062701  18.641445  450.794722  453.458264  460.202882   
4       9.0  463.521527  14.890222  447.445382  452.739653  461.875799   
5       8.0  462.411940  16.061540  443.800382  453.422283  457.441206   
6       8.0  466.156120  18.842926  443.057569  452.231701  462.737552   
7       9.0  463.550365  19.494445  443.629132  451.086840  454.499687   

             75%         max  
hist                          
1     492.717257  494.816458  
2     489.587292  499.749271  
3     488.023333  497.280208  
4     471.777840  493.776771  
5     467.014033  491.623576  
6     482.157187  490.945799  
7     488.329852  489.658785  

southamerica-east1
      count        mean        std         min         25%         50%  \
hist                                                                     
1       9.0  472.437014  30.067810  445.360243  448.590229  462.094391   
2       9.0  452.669815  51.820113  331.559294  443.082922  458.794747   
3       9.0  441.720521  65.822863  276.411493  446.938889  449.047781   
4       9.0  438.374200  66.632889  270.238403  446.123021  447.499826   
5       8.0  460.679288  22.031869  430.683056  449.037205  453.197225   
6       8.0  454.743442  23.714982  429.169340  437.886097  448.349316   
7       9.0  460.454958  27.027019  431.497465  440.509340  452.028826   

             75%         max  
hist                          
1     499.367396  521.870556  
2     469.664653  513.509340  
3     459.591076  505.862257  
4     451.947453  499.684028  
5     474.030638  496.069861  
6     464.290141  498.455625  
7     486.957257  502.538222  

us-east4
      count        mean        std         min         25%         50%  \
hist                                                                     
1       9.0  486.703133  27.203643  455.707882  465.958611  485.287604   
2       9.0  499.465968  47.146440  439.206007  474.790069  503.475764   
3       9.0  491.171184  31.846243  456.534688  465.470347  472.789757   
4       9.0  486.020710  25.483197  458.789201  465.397986  480.482361   
5       8.0  488.016804  23.335469  466.005486  473.547691  477.768177   
6       8.0  472.535425  27.580829  451.733507  452.267734  462.555278   
7       9.0  474.889712  37.206887  437.440694  441.734757  464.253299   

             75%         max  
hist                          
1     504.506181  526.964097  
2     517.729792  589.910694  
3     521.279653  537.481458  
4     492.321840  529.816424  
5     495.302508  529.469201  
6     478.714149  527.229236  
7     494.899097  535.737407  

us-west2
      count        mean        std         min         25%         50%  \
hist                                                                     
1       9.0  502.704696  54.449495  393.501354  492.249774  499.546986   
2       9.0  484.050546  80.058801  288.633264  486.618924  488.517396   
3       9.0  484.462730  85.596085  287.106701  470.447014  498.359921   
4       9.0  483.045361  80.948296  286.510972  475.210903  501.882847   
5       8.0  513.915146  46.085850  460.612708  487.591599  500.979097   
6       8.0  509.266055  52.179670  474.080521  479.223160  497.419021   
7       9.0  512.129348  39.187933  472.878021  486.350800  496.713522   

             75%         max  
hist                          
1     506.602431  604.469669  
2     515.163408  581.616905  
3     506.117655  603.268368  
4     512.914685  567.257465  
5     528.048256  595.134280  
6     505.542517  633.716131  
7     528.010834  594.252578  

us-west4
      count        mean        std         min         25%         50%  \
hist                                                                     
1       9.0  472.649940  18.546271  447.834896  462.324595  467.367569   
2       9.0  475.760255  19.196813  447.899306  465.942847  471.684132   
3       9.0  476.776173  19.717252  451.570625  466.853646  470.004306   
4       9.0  475.309265  15.078043  457.254340  460.712569  471.747326   
5       8.0  468.758711  17.128847  441.441076  460.862943  466.590642   
6       8.0  463.561740  18.756962  442.875417  450.015712  461.174497   
7       9.0  471.798838  24.884365  429.839653  461.644410  467.782222   

             75%         max  
hist                          
1     487.473750  506.952917  
2     483.803576  514.881424  
3     485.097465  520.185799  
4     487.845903  496.672118  
5     475.263689  500.974063  
6     471.594497  496.144097  
7     489.387535  507.022148  

ap-south-1
      count       mean       std        min        25%        50%        75%  \
hist                                                                           
1       9.0  70.845593  1.490836  69.404593  69.648906  70.026132  72.359642   
2       9.0  70.813228  1.481120  69.441602  69.666225  70.103468  72.466414   
3       9.0  70.779950  1.466892  69.461412  69.688490  70.186362  72.236443   
4       9.0  70.751407  1.451941  69.399357  69.744696  70.190061  71.951635   
5       9.0  70.726901  1.438367  69.348228  69.825616  70.032389  71.674253   
6       8.0  70.738106  1.516809  69.331210  69.790706  69.888805  71.765606   
7       8.0  70.698852  1.497123  69.356007  69.715382  69.906552  71.568710   

            max  
hist             
1     73.107619  
2     73.174328  
3     73.195409  
4     73.183402  
5     73.149347  
6     73.087086  
7     72.988033  

ap-southeast-2
      count       mean       std        min        25%        50%        75%  \
hist                                                                           
1       9.0  71.252735  1.423697  69.493263  70.583710  70.866877  71.097673   
2       9.0  71.194438  1.363160  69.543375  70.601929  70.885552  71.097394   
3       9.0  71.141923  1.291546  69.668762  70.677221  70.883894  71.083275   
4       9.0  71.092286  1.216770  69.735163  70.698459  70.878457  71.035096   
5       9.0  71.044654  1.141106  69.578807  70.732581  70.902831  70.952480   
6       8.0  71.011431  1.138494  69.510391  70.633492  70.856178  71.131676   
7       8.0  70.954062  1.071159  69.491307  70.618514  70.859725  71.008426   

            max  
hist             
1     74.066911  
2     73.955974  
3     73.839196  
4     73.715086  
5     73.582307  
6     73.439551  
7     73.287538  

ca-central-1
      count       mean       std        min        25%        50%        75%  \
hist                                                                           
1       9.0  67.960997  1.225354  66.386876  66.983594  67.878292  69.064655   
2       9.0  67.916943  1.205247  66.390874  67.195620  67.618594  68.969273   
3       9.0  67.863240  1.189241  66.387163  67.337533  67.401735  68.844768   
4       9.0  67.814394  1.177803  66.369584  67.089452  67.607625  68.709262   
5       8.0  67.862493  1.211499  66.361264  66.799082  67.894918  68.722782   
6       8.0  67.831909  1.184212  66.362474  66.709633  67.926842  68.555890   
7       9.0  67.999480  1.244546  66.375452  66.802989  68.115108  69.135706   

            max  
hist             
1     69.619618  
2     69.603937  
3     69.586187  
4     69.566164  
5     69.544943  
6     69.524422  
7     69.633760  

ap-northeast-1
      count       mean       std        min        25%        50%        75%  \
hist                                                                           
1       9.0  69.334684  0.591574  68.163305  69.335477  69.497853  69.713211   
2       9.0  69.343639  0.585767  68.135438  69.157607  69.511585  69.716978   
3       9.0  69.348893  0.584464  68.146698  68.931061  69.536558  69.719055   
4       9.0  69.341553  0.601801  68.163026  68.948559  69.605553  69.718744   
5       9.0  69.337126  0.611411  68.211472  69.036450  69.640778  69.715437   
6       8.0  69.293558  0.631348  68.311041  68.955549  69.578598  69.688144   
7       8.0  69.302860  0.628370  68.250632  69.068489  69.518568  69.715483   

            max  
hist             
1     69.967531  
2     69.945712  
3     69.920435  
4     69.961455  
5     69.978065  
6     69.977841  
7     69.974231  

us-east-1
      count       mean       std        min        25%        50%        75%  \
hist                                                                           
1       9.0  70.397280  1.083693  69.026559  69.577087  70.099063  71.100240   
2       9.0  70.353719  1.045291  69.076860  69.653610  70.040639  70.942704   
3       9.0  70.317125  1.005094  69.149197  69.728515  70.036113  70.774475   
4       9.0  70.285764  0.961295  69.110039  69.801277  70.095801  70.609560   
5       8.0  70.297508  0.973345  69.035219  69.740370  70.172231  70.693013   
6       8.0  70.246508  0.942946  68.992768  69.671896  70.160122  70.569248   
7       9.0  70.444306  1.122970  68.991277  69.626089  70.194127  71.241063   

            max  
hist             
1     72.303972  
2     72.204845  
3     72.107322  
4     72.011774  
5     71.918332  
6     71.827720  
7     72.404147  

eu-west-2
      count       mean       std        min        25%        50%        75%  \
hist                                                                           
1       9.0  67.272559  0.807139  66.203080  66.956783  67.217031  67.559318   
2       9.0  67.296499  0.854978  66.106547  66.899287  67.362747  67.561954   
3       9.0  67.319132  0.901633  66.007681  66.875634  67.395604  67.561789   
4       9.0  67.348997  0.942931  65.962510  66.813452  67.311952  67.616331   
5       9.0  67.383569  0.987110  65.973498  66.779533  67.223688  67.711526   
6       8.0  67.171656  0.767969  66.024890  66.813470  67.042724  67.604379   
7       8.0  67.202306  0.807772  66.104170  66.840794  67.051953  67.618287   

            max  
hist             
1     68.759124  
2     68.889438  
3     69.021266  
4     69.154009  
5     69.285996  
6     68.495709  
7     68.629212  

eu-central-1
      count       mean       std        min        25%        50%        75%  \
hist                                                                           
1       9.0  68.417721  0.728986  67.779840  67.979912  68.260439  68.446416   
2       9.0  68.381765  0.672564  67.742336  67.957775  68.294819  68.441046   
3       9.0  68.349983  0.617800  67.723622  67.928417  68.327132  68.445589   
4       9.0  68.320211  0.566328  67.720907  67.926493  68.364475  68.445180   
5       9.0  68.292666  0.518633  67.727377  67.935611  68.284774  68.417665   
6       8.0  68.251541  0.503362  67.737895  67.921051  68.129177  68.444020   
7       8.0  68.231634  0.456309  67.763054  67.925589  68.122459  68.450663   

            max  
hist             
1     70.072787  
2     69.932040  
3     69.786008  
4     69.635368  
5     69.480887  
6     69.322968  
7     69.161679  

sa-east-1
      count       mean       std        min        25%        50%        75%  \
hist                                                                           
1       9.0  65.901354  0.778117  65.116002  65.447256  65.608681  66.145002   
2       9.0  65.857670  0.731919  65.066614  65.401591  65.542957  66.113392   
3       9.0  65.817419  0.686746  65.029771  65.327889  65.562356  66.049057   
4       9.0  65.781998  0.641598  65.009242  65.392452  65.610736  66.028549   
5       8.0  65.791546  0.620671  65.042323  65.327054  65.755759  66.065868   
6       8.0  65.756773  0.576273  65.085939  65.299560  65.703834  66.041350   
7       9.0  65.943842  0.826015  65.136671  65.378305  65.655088  66.128712   

            max  
hist             
1     67.561017  
2     67.426341  
3     67.288929  
4     67.149699  
5     67.010006  
6     66.871170  
7     67.692834  

us-west-2
      count       mean       std        min        25%        50%        75%  \
hist                                                                           
1       9.0  70.526874  1.104881  69.447372  69.845915  70.105447  71.059007   
2       9.0  70.453458  1.037822  69.372268  69.794789  70.016019  70.945400   
3       9.0  70.377123  0.976613  69.294671  69.751852  70.013671  70.839184   
4       9.0  70.298638  0.917486  69.214489  69.657414  69.990500  70.730203   
5       8.0  70.364743  0.814763  69.570650  69.710418  70.187099  70.721694   
6       8.0  70.316493  0.757468  69.508106  69.757883  70.194629  70.635371   
7       9.0  70.597973  1.179550  69.479355  69.893626  70.291196  71.113412   

            max  
hist             
1     72.949303  
2     72.694748  
3     72.437234  
4     72.176669  
5     71.913009  
6     71.646039  
7     73.200839  

us-west-1
      count       mean       std        min        25%        50%        75%  \
hist                                                                           
1       9.0  69.548212  1.146788  68.001000  68.668579  69.225862  70.831979   
2       9.0  69.530406  1.138806  67.976123  68.559270  69.411780  70.771347   
3       9.0  69.504700  1.141696  67.992294  68.456498  69.529003  70.699504   
4       9.0  69.483200  1.139253  68.062586  68.490883  69.305928  70.607924   
5       8.0  69.416586  1.184263  68.182350  68.561836  68.942170  70.592601   
6       8.0  69.398245  1.150849  68.133651  68.630499  68.895177  70.465534   
7       9.0  69.559191  1.167634  68.059589  68.695016  69.042364  70.878017   

            max  
hist             
1     70.954873  
2     70.952598  
3     70.956662  
4     70.959812  
5     70.962525  
6     70.966151  
7     70.970743  

brazilsouth
      count       mean       std        min        25%        50%        75%  \
hist                                                                           
1       9.0  57.711649  2.426633  55.678543  56.349659  56.927188  58.033577   
2       9.0  57.597221  2.181690  55.665339  56.223891  56.944807  58.249314   
3       9.0  57.491899  1.955406  55.667974  56.331389  56.949802  57.736424   
4       9.0  57.402513  1.753546  55.704068  56.466115  56.955971  57.210366   
5       8.0  57.140622  1.571082  55.772892  56.433551  56.838053  57.068213   
6       8.0  57.069694  1.358448  55.807550  56.412393  56.810840  57.116209   
7       9.0  57.828231  2.685755  55.716443  56.475704  56.895102  57.821363   

            max  
hist             
1     63.640715  
2     62.916830  
3     62.199808  
4     61.490799  
5     60.791124  
6     60.102782  
7     64.370225  

australiaeast
      count       mean       std        min        25%        50%        75%  \
hist                                                                           
1       9.0  70.342657  2.472007  66.690425  67.993466  71.030771  72.515816   
2       9.0  70.246881  2.504198  66.660509  67.812090  70.629146  72.582121   
3       9.0  70.146564  2.523505  66.649290  67.982189  70.212493  72.646859   
4       9.0  70.038847  2.543981  66.656299  68.176917  69.807455  72.541255   
5       9.0  69.944515  2.553768  66.678986  68.039994  69.707760  72.310467   
6       8.0  70.262901  2.415694  66.800599  68.198710  70.684742  72.281083   
7       8.0  70.174203  2.456741  66.738461  68.093774  70.418278  72.195906   

            max  
hist             
1     73.103612  
2     73.074359  
3     72.946362  
4     72.715345  
5     72.765092  
6     72.851752  
7     73.034940  

eastus
      count       mean       std        min        25%        50%        75%  \
hist                                                                           
1       9.0  73.222836  0.239034  72.831170  73.116333  73.312002  73.386680   
2       9.0  73.233069  0.244698  72.831597  73.156459  73.330778  73.427774   
3       9.0  73.249045  0.243682  72.868798  73.119539  73.291563  73.411207   
4       9.0  73.270330  0.236884  72.957521  73.077342  73.269752  73.378474   
5       8.0  73.239766  0.188128  73.000407  73.050992  73.287517  73.356176   
6       8.0  73.252607  0.177260  72.990403  73.116564  73.295505  73.373418   
7       9.0  73.211548  0.233947  72.789189  73.082635  73.285538  73.404613   

            max  
hist             
1     73.466824  
2     73.506474  
3     73.535264  
4     73.620119  
5     73.522205  
6     73.480428  
7     73.456401  

centralindia
      count       mean       std        min        25%        50%        75%  \
hist                                                                           
1       9.0  49.350902  0.852593  48.265979  48.940462  49.397214  49.675184   
2       9.0  49.313079  0.839245  48.301715  48.858099  49.210663  49.565290   
3       9.0  49.276443  0.844735  48.267557  48.773069  49.116798  49.457877   
4       9.0  49.244203  0.864133  48.233496  48.663094  49.185343  49.521718   
5       9.0  49.216122  0.895537  48.213623  48.523325  49.248280  49.654373   
6       8.0  49.319999  0.898351  48.217076  48.606419  49.235671  49.854079   
7       8.0  49.323252  0.906439  48.237581  48.698731  49.211863  49.798312   

            max  
hist             
1     50.947804  
2     50.784328  
3     50.621638  
4     50.690760  
5     50.820104  
6     50.924558  
7     50.998781  

uksouth
      count       mean       std        min        25%        50%        75%  \
hist                                                                           
1       9.0  58.775018  4.760676  56.014494  56.308121  56.930202  57.082836   
2       9.0  58.500256  4.343136  55.811461  56.358683  56.907660  56.988851   
3       9.0  58.212442  3.931765  55.605401  56.406811  56.781411  56.976378   
4       9.0  57.889298  3.527070  55.396229  56.452483  56.753791  57.011368   
5       9.0  57.582781  3.166006  55.184121  56.410706  56.604984  57.055852   
6       8.0  57.688260  2.870874  56.201085  56.373100  56.707159  57.170651   
7       8.0  57.510566  2.496968  56.150311  56.243826  56.757354  57.134347   

            max  
hist             
1     70.310044  
2     69.188778  
3     68.068179  
4     66.948991  
5     65.831792  
6     64.716647  
7     63.603604  

germanywestcentral
      count       mean       std        min        25%        50%        75%  \
hist                                                                           
1       9.0  50.729876  1.184603  49.098785  50.222390  50.607883  51.237778   
2       9.0  50.737538  1.312866  49.141468  49.580089  50.598200  51.272776   
3       9.0  50.773548  1.539795  48.770987  49.703650  50.637082  51.334818   
4       9.0  50.708045  1.586735  48.050978  49.832934  50.684091  51.405948   
5       9.0  50.610102  1.645691  47.334667  49.978275  50.717656  51.471361   
6       8.0  50.989927  1.077169  49.344341  50.424779  50.890067  51.582218   
7       8.0  50.959754  1.038642  49.403113  50.484468  50.822970  51.291545   

            max  
hist             
1     53.014016  
2     53.266579  
3     53.753101  
4     53.295083  
5     52.706990  
6     52.883244  
7     52.950402  

japaneast
      count       mean       std        min        25%        50%        75%  \
hist                                                                           
1       9.0  62.071684  7.225214  53.752781  55.212432  62.388315  69.059485   
2       9.0  61.863304  7.303212  53.489251  55.106188  61.196569  68.972018   
3       9.0  61.612455  7.354267  53.226437  54.989361  59.813946  68.925790   
4       9.0  61.310442  7.322677  52.966434  54.813060  58.742268  68.905865   
5       9.0  61.015458  7.299369  52.711036  54.656671  57.854925  68.906268   
6       8.0  61.750946  7.074378  54.288313  55.162093  60.927309  69.030959   
7       8.0  61.450404  7.114746  54.017196  55.156896  59.867311  69.018120   

            max  
hist             
1     69.712456  
2     69.697920  
3     69.665478  
4     69.604240  
5     69.520489  
6     69.593753  
7     69.660588  

westus
      count       mean       std        min        25%        50%        75%  \
hist                                                                           
1       9.0  72.575350  0.883021  71.215642  72.198542  72.594900  73.024775   
2       9.0  72.635337  0.908441  71.243427  72.299844  72.558854  73.130222   
3       9.0  72.693224  0.940899  71.274878  72.379868  72.651274  73.211471   
4       9.0  72.756589  0.979235  71.310053  72.275867  72.707479  73.271654   
5       8.0  72.570813  0.712399  71.349803  72.156812  72.668607  72.900954   
6       8.0  72.627359  0.730075  71.393520  72.172533  72.698883  72.955443   
7       9.0  72.516896  0.861983  71.191047  72.144209  72.676945  72.926094   

            max  
hist             
1     74.118304  
2     74.308564  
3     74.501872  
4     74.698464  
5     73.584158  
6     73.752398  
7     73.932094  

westus2
      count       mean       std        min        25%        50%        75%  \
hist                                                                           
1       9.0  72.882985  1.369000  70.726838  72.445205  73.067077  74.004083   
2       9.0  72.867221  1.374903  70.677484  72.377198  72.930232  73.970913   
3       9.0  72.846896  1.394997  70.623245  71.975919  73.198472  73.914144   
4       9.0  72.822884  1.428808  70.564370  71.616657  73.546198  73.842397   
5       8.0  73.073782  1.290351  70.854263  72.474584  73.776790  73.913428   
6       8.0  73.038270  1.356909  70.813768  72.472509  73.528288  74.082977   
7       9.0  72.893685  1.369868  70.771849  72.042814  73.181019  74.025055   

            max  
hist             
1     74.518921  
2     74.444721  
3     74.307696  
4     74.167286  
5     74.102347  
6     74.192864  
7     74.493966  

