asia-south1
      count        mean        std         min         25%         50%  \
hist                                                                     
00     61.0  503.157431  29.708837  461.625585  480.082181  487.445286   
01     61.0  503.093893  29.707493  461.360705  480.586883  487.643385   
02     61.0  503.027999  29.704228  461.092992  481.623548  487.319116   
03     61.0  502.960691  29.700551  460.822365  482.229681  486.913260   
04     61.0  502.892924  29.697513  460.548836  482.060697  486.967765   
05     61.0  502.825240  29.694979  460.272557  481.750670  487.429939   
06     60.0  503.470779  29.412189  465.776652  481.819690  487.858370   
07     60.0  503.406377  29.406975  465.609996  481.458658  487.724098   
08     60.0  503.343531  29.402486  465.421739  481.258200  487.522140   
09     60.0  503.282515  29.398606  465.220314  481.549259  487.636156   
10     60.0  503.223223  29.394997  465.010547  481.603770  487.838826   
11     60.0  503.165456  29.391388  464.794588  481.833850  487.919122   
12     60.0  503.109056  29.388136  464.573483  481.560357  487.908062   
13     60.0  503.053997  29.385975  464.347815  481.377277  487.894685   
14     60.0  503.000142  29.385588  464.117883  481.377776  487.938491   
15     60.0  502.947309  29.387452  463.883832  481.027264  487.928631   
16     60.0  502.895162  29.391587  463.645784  480.806977  487.916199   
17     60.0  502.843147  29.397474  463.403974  480.636315  487.903377   
18     60.0  502.790745  29.404567  463.158602  480.465997  487.887822   
19     61.0  503.439581  29.676885  462.909967  480.338344  488.347440   
20     61.0  503.386407  29.685759  462.658354  480.400987  488.176065   
21     61.0  503.332146  29.694465  462.404057  480.296651  487.680320   
22     61.0  503.276264  29.702029  462.147216  480.206820  487.831755   
23     61.0  503.218165  29.707096  461.887741  480.134091  487.717312   

             75%         max  
hist                          
00    541.157083  562.618920  
01    541.395449  562.186534  
02    541.221806  561.657842  
03    541.042996  561.461190  
04    540.874291  561.817047  
05    540.731574  562.163525  
06    541.012762  562.490008  
07    540.871951  562.786075  
08    540.746686  563.042707  
09    540.631138  563.248627  
10    540.520946  563.398056  
11    540.324584  563.495441  
12    540.025558  563.552806  
13    539.980882  563.582307  
14    540.250377  563.594077  
15    540.418665  563.593841  
16    540.425528  563.582192  
17    540.400126  563.559754  
18    540.446232  563.527712  
19    541.117003  563.485485  
20    540.289715  563.427231  
21    540.377218  563.335173  
22    540.547043  563.185145  
23    540.807815  562.952212  

asia-northeast1
      count        mean        std         min         25%         50%  \
hist                                                                     
00     61.0  508.941815  48.852735  324.118535  490.733291  504.186994   
01     61.0  508.767003  49.036952  324.334399  490.188358  503.826716   
02     61.0  508.587140  49.247243  324.555673  490.582095  504.700299   
03     61.0  508.401217  49.491267  324.080582  491.009014  504.647725   
04     61.0  508.210489  49.770494  323.504469  490.657277  504.318844   
05     61.0  508.019690  50.074082  323.006054  490.455351  503.890106   
06     61.0  507.835795  50.375934  322.589437  491.053022  503.636633   
07     61.0  507.661367  50.644667  322.259418  491.796592  503.258603   
08     61.0  507.489565  50.861844  322.014621  491.847019  502.845716   
09     61.0  507.309517  51.029352  321.847574  491.315204  502.805031   
10     60.0  510.124243  45.824410  321.749993  491.641768  502.967485   
11     60.0  509.909674  45.975239  321.868949  491.194987  503.118037   
12     60.0  509.689683  46.123981  322.006734  491.574417  503.331233   
13     60.0  509.474391  46.280805  322.152739  491.384715  503.415656   
14     60.0  509.271349  46.444532  322.302757  491.235109  503.562947   
15     60.0  509.083526  46.609644  322.456590  491.149761  503.706896   
16     60.0  508.908828  46.773556  322.615328  490.951914  503.238366   
17     60.0  508.742689  46.936580  322.780201  490.958707  502.548617   
18     60.0  508.581418  47.100458  322.951813  491.098973  503.004306   
19     60.0  508.422577  47.267399  323.130204  491.177804  503.648034   
20     60.0  508.264766  47.438656  323.315154  491.495330  504.298614   
21     60.0  508.107438  47.614934  323.506541  491.572868  504.496876   
22     60.0  507.950606  47.796570  323.704339  491.703258  504.211609   
23     61.0  509.114067  48.685844  323.908416  492.155217  504.509229   

             75%         max  
hist                          
00    552.020196  586.836747  
01    552.154562  585.561007  
02    552.358945  584.289943  
03    550.979584  583.023427  
04    548.745050  581.761602  
05    546.551204  580.504766  
06    546.423816  579.253185  
07    547.113199  578.007214  
08    547.848090  577.498177  
09    548.596648  577.823326  
10    549.714130  578.088368  
11    550.083780  578.272504  
12    549.828396  578.357907  
13    549.515448  578.340792  
14    549.210344  578.241023  
15    548.912813  578.086720  
16    548.441261  577.890727  
17    547.996390  577.656761  
18    547.588403  577.388763  
19    547.221406  577.087861  
20    546.904512  576.740361  
21    546.649833  576.331706  
22    546.465402  576.027149  
23    551.944572  588.117456  

europe-west2
      count        mean        std         min         25%         50%  \
hist                                                                     
00     61.0  496.373013  49.138434  292.751061  481.820896  490.964019   
01     61.0  496.219585  49.376007  292.227299  481.749489  491.077274   
02     60.0  499.464474  42.254522  305.638405  482.249210  491.480115   
03     60.0  499.300065  42.553341  304.943326  482.374622  491.423752   
04     60.0  499.119198  42.904800  304.286053  482.625183  491.198728   
05     60.0  498.919321  43.323993  303.649705  481.840477  491.100622   
06     60.0  498.703672  43.808492  303.025417  481.302845  491.253134   
07     60.0  498.484504  44.321202  302.409589  481.241099  491.238893   
08     60.0  498.278117  44.800584  301.800695  481.466977  491.247676   
09     60.0  498.092141  45.206677  301.197991  481.755378  491.270975   
10     60.0  497.921153  45.542558  300.600833  482.009529  491.298158   
11     60.0  497.751848  45.830100  300.008735  481.925236  491.319801   
12     60.0  497.572187  46.084205  299.421340  481.644914  491.142451   
13     60.0  497.367955  46.313917  298.838497  481.585004  490.296233   
14     60.0  497.130410  46.535745  298.260215  480.653510  490.393246   
15     61.0  497.908052  47.077060  297.686632  480.431854  490.743344   
16     61.0  497.669073  47.332309  297.117934  480.658710  490.851201   
17     61.0  497.455581  47.583485  296.554312  480.893560  490.657807   
18     61.0  497.270431  47.820605  295.995847  480.613785  490.546612   
19     61.0  497.106718  48.044819  295.442542  479.872303  490.510439   
20     61.0  496.955659  48.262271  294.894285  479.932234  490.536452   
21     61.0  496.810265  48.477327  294.351044  480.102283  490.455951   
22     61.0  496.666385  48.692944  293.812800  480.666873  490.679133   
23     61.0  496.521367  48.912130  293.279500  481.590878  490.836438   

             75%         max  
hist                          
00    529.822262  577.128985  
01    529.418683  576.887299  
02    529.166487  576.569883  
03    528.942603  576.181227  
04    528.811333  575.727576  
05    528.766989  575.213417  
06    528.801300  574.645425  
07    528.908953  574.035944  
08    529.088752  573.400903  
09    529.342003  572.784909  
10    529.667401  573.430649  
11    530.060136  574.065921  
12    530.510766  574.686626  
13    531.008676  575.283794  
14    531.547142  575.842585  
15    532.151060  576.228953  
16    532.798942  576.568387  
17    533.489281  576.857053  
18    533.475628  577.087381  
19    532.769011  577.253766  
20    532.089763  577.358258  
21    531.508516  577.402995  
22    530.849248  577.384156  
23    530.303667  577.294086  

australia-southeast1
      count        mean        std         min         25%         50%  \
hist                                                                     
00     61.0  432.400314  24.798976  379.772500  415.665000  425.664167   
01     61.0  429.799126  24.770267  376.256667  413.408333  424.241667   
02     61.0  428.823388  25.098485  382.405833  407.818333  423.141667   
03     61.0  427.821257  26.790465  384.002500  411.307500  423.592500   
04     61.0  426.564126  26.108706  318.108333  411.343333  421.683333   
05     61.0  430.734645  31.650349  270.820833  415.390833  429.460833   
06     61.0  433.249508  31.058763  273.219167  420.010833  431.158333   
07     61.0  427.588948  31.235058  269.105000  414.450833  426.306667   
08     61.0  430.331762  33.192757  268.968333  416.929167  426.870833   
09     61.0  433.536995  34.411349  269.979167  415.157500  430.590000   
10     61.0  437.836397  32.966378  271.661667  422.809167  436.176667   
11     60.0  442.369167  27.582049  395.005000  424.344167  437.564583   
12     60.0  442.745065  27.161244  394.001667  421.425833  439.436667   
13     60.0  438.811250  29.322998  386.131667  419.305000  432.766667   
14     60.0  441.831978  30.090098  391.710833  423.124583  434.380000   
15     60.0  438.769250  32.243650  334.725000  417.827708  436.577083   
16     60.0  441.627689  34.950700  279.977500  421.915208  438.295000   
17     60.0  441.767722  34.290373  309.322500  420.008125  436.126667   
18     60.0  438.383847  31.670066  308.960000  420.734375  432.999583   
19     60.0  434.814125  30.589622  325.171667  414.929167  431.018750   
20     60.0  435.041246  31.461048  316.162500  418.191042  426.155000   
21     60.0  437.819167  26.773003  379.458333  420.577292  433.021250   
22     60.0  437.706444  25.110716  383.904167  423.877292  434.614167   
23     60.0  435.480847  28.816498  386.118333  415.377708  429.299167   

             75%         max  
hist                          
00    452.686667  507.575833  
01    448.802500  498.848333  
02    443.440000  495.135000  
03    446.286667  525.455833  
04    443.202500  492.470833  
05    447.481667  493.290833  
06    447.260833  499.965833  
07    443.023333  507.690833  
08    447.187500  525.505000  
09    451.882500  522.842500  
10    451.644167  527.685000  
11    450.919583  512.907500  
12    453.930000  505.777500  
13    453.489167  506.710000  
14    457.528750  521.799167  
15    456.217917  516.431667  
16    460.191875  506.357500  
17    465.123125  519.974167  
18    465.813542  498.753333  
19    461.557708  501.874167  
20    454.456458  520.687500  
21    457.025833  513.106667  
22    451.589583  519.154167  
23    452.347917  514.858333  

northamerica-northeast1
      count        mean        std         min         25%         50%  \
hist                                                                     
00     60.0  463.054165  21.606461  430.175000  447.720208  457.213750   
01     60.0  463.939736  20.351075  429.995833  449.880417  458.160000   
02     60.0  463.015542  21.868339  422.400000  447.786250  456.599167   
03     60.0  462.846194  21.091979  429.891667  446.452083  456.942083   
04     60.0  461.393333  19.594465  429.157500  443.505000  457.483333   
05     60.0  460.323667  20.136522  427.528333  445.393750  452.647917   
06     60.0  462.886764  19.535331  429.111667  447.387292  456.218750   
07     60.0  462.455681  21.744685  429.539167  445.831458  456.857500   
08     60.0  466.080458  22.567302  431.543333  449.453750  457.613333   
09     60.0  468.480569  23.904468  432.129167  449.807917  461.787083   
10     61.0  470.335683  21.285730  436.355833  455.986667  464.127500   
11     61.0  470.145765  19.720270  438.550000  454.973333  465.013333   
12     61.0  473.743415  25.054246  438.337500  454.332500  467.625833   
13     61.0  471.083115  23.265333  428.063333  452.938333  467.299167   
14     61.0  468.628183  21.559630  437.100000  451.180000  462.111667   
15     61.0  470.395437  22.941780  435.366667  452.389167  464.881667   
16     61.0  468.273604  19.644341  433.077500  455.070000  466.025000   
17     61.0  469.323197  19.217753  434.500833  454.905833  466.295833   
18     61.0  467.399956  20.649816  426.898333  451.531667  463.822500   
19     61.0  463.947828  22.444511  421.617500  448.797500  458.780833   
20     61.0  466.772814  19.966084  438.620833  450.479167  459.788333   
21     60.0  461.118889  19.965227  427.221667  445.578542  457.182500   
22     60.0  463.448042  20.815527  419.040000  447.995208  459.941667   
23     60.0  462.487236  20.864258  431.660833  443.808125  455.829167   

             75%         max  
hist                          
00    482.246042  508.900000  
01    480.569167  507.912500  
02    483.714167  511.184167  
03    483.144375  505.363333  
04    478.132083  503.369167  
05    475.913542  502.398333  
06    483.853750  502.904167  
07    478.700000  516.761667  
08    486.589583  536.231667  
09    485.843125  525.753333  
10    485.576667  520.854167  
11    488.731667  513.065000  
12    491.039167  575.951667  
13    487.622500  558.235000  
14    490.561667  521.663333  
15    490.552500  531.580000  
16    483.725000  517.337500  
17    484.955833  505.950833  
18    484.780833  506.738333  
19    480.709167  554.325833  
20    483.832500  510.528333  
21    476.060000  507.084167  
22    475.808542  525.439167  
23    479.922083  525.614167  

europe-west3
      count        mean        std         min         25%         50%  \
hist                                                                     
00     61.0  479.448763  27.079546  422.372500  460.701667  479.095833   
01     61.0  474.017213  26.141571  426.871667  451.925833  470.187500   
02     61.0  468.370765  29.345667  401.610833  448.453333  467.313333   
03     60.0  465.438736  27.935426  395.211667  446.756250  460.365000   
04     60.0  475.564847  35.626425  408.609167  451.279792  469.565833   
05     60.0  467.869667  30.444897  401.745833  450.317500  471.436250   
06     60.0  466.596189  31.657884  402.317500  445.758542  465.978333   
07     60.0  466.746972  32.030328  406.032500  450.202708  463.634167   
08     60.0  478.410863  31.109391  414.270833  455.362083  482.938750   
09     60.0  483.745175  34.604421  413.235000  457.240173  478.245833   
10     60.0  489.399479  33.902344  415.745833  465.429792  487.550833   
11     60.0  489.677181  35.928638  419.493333  465.485833  484.687500   
12     60.0  497.977483  35.253301  418.329167  475.289583  490.188230   
13     60.0  500.295635  37.475185  431.042500  477.110417  498.911667   
14     60.0  502.730300  39.359564  424.648333  472.782053  498.225417   
15     60.0  499.233123  37.510748  421.584167  475.753958  493.591250   
16     61.0  498.601116  31.205284  435.133333  478.749167  496.045000   
17     61.0  498.236172  33.822595  427.099167  475.530000  493.071667   
18     61.0  499.234961  33.286251  449.874167  477.145000  489.983333   
19     61.0  489.704821  29.657974  417.955000  468.705833  489.054167   
20     61.0  493.608659  34.581727  431.450000  471.097500  491.375833   
21     61.0  489.912635  31.317570  431.475833  467.300000  485.205833   
22     61.0  484.775876  26.290753  424.465000  464.759167  482.608333   
23     61.0  482.073398  27.797314  425.604167  460.219167  483.872500   

             75%         max  
hist                          
00    491.935000  551.975000  
01    496.646667  548.839167  
02    483.800833  539.229167  
03    488.206667  530.824167  
04    503.366875  569.312500  
05    484.607500  535.572500  
06    481.045833  549.957500  
07    483.838542  545.375833  
08    496.497708  548.635833  
09    505.643333  577.160000  
10    504.552500  575.049167  
11    510.945208  568.956667  
12    521.118333  582.633333  
13    519.229792  593.615000  
14    533.272917  638.028333  
15    522.991042  578.683903  
16    518.280833  578.872500  
17    518.777500  572.936614  
18    518.439167  604.733333  
19    508.445833  544.620000  
20    513.877500  570.432500  
21    504.303333  568.089167  
22    503.625000  560.645833  
23    501.771667  533.808333  

us-east4
      count        mean        std         min         25%         50%  \
hist                                                                     
00     60.0  477.149368  35.783028  416.925000  444.712083  479.820000   
01     60.0  488.564264  40.768910  417.694167  459.264375  481.755000   
02     60.0  476.663917  38.521622  405.786667  449.279375  469.719167   
03     60.0  473.142306  37.146569  420.473333  452.035625  471.090000   
04     60.0  475.074931  36.753633  411.815833  445.263542  475.233750   
05     60.0  471.497625  37.667528  406.077500  444.356042  469.707083   
06     60.0  474.407417  36.474773  421.284167  443.828542  470.398750   
07     60.0  477.722097  37.884233  422.045833  445.483958  470.218333   
08     60.0  475.988778  36.106696  416.473333  448.743958  472.856667   
09     60.0  488.308083  37.153069  411.935833  460.989167  480.209583   
10     61.0  490.645874  38.765931  422.190833  457.900833  483.875000   
11     61.0  494.096489  41.907284  422.750000  460.813333  491.227500   
12     61.0  498.566243  42.367314  426.535833  468.270833  497.469167   
13     61.0  495.759973  37.462879  429.471667  470.287500  490.068333   
14     61.0  505.985587  37.694372  428.367500  479.499167  506.502500   
15     61.0  499.290273  44.766898  429.029167  465.971667  496.514167   
16     61.0  494.888702  42.771862  423.427500  460.932500  480.615833   
17     61.0  499.356483  40.298511  425.345833  470.193333  493.355833   
18     61.0  488.097719  42.670551  425.326667  456.878333  476.775833   
19     61.0  482.364016  38.733485  426.980833  449.913333  474.435000   
20     61.0  481.536093  39.225658  419.145000  454.505000  474.603333   
21     60.0  485.146583  37.607092  424.979167  457.142917  479.848333   
22     60.0  480.662583  40.749155  405.636667  451.131875  475.893333   
23     60.0  480.284681  36.262854  427.110000  453.488750  476.545417   

             75%         max  
hist                          
00    501.000000  591.859167  
01    518.705417  617.045833  
02    505.721250  609.557500  
03    488.254167  652.301667  
04    496.110625  588.641667  
05    497.386875  576.788333  
06    495.528333  577.862500  
07    502.405208  611.090000  
08    499.930208  611.983333  
09    513.538542  577.750833  
10    515.504167  586.340833  
11    521.393333  609.014167  
12    526.360833  616.829167  
13    525.295000  585.562500  
14    530.205000  583.579167  
15    526.055000  625.539167  
16    527.358333  591.333333  
17    525.555000  593.984167  
18    517.805000  602.214167  
19    510.472500  614.871667  
20    505.620000  635.408333  
21    511.410833  581.761667  
22    503.563958  605.286667  
23    500.802500  610.420000  

southamerica-east1
      count        mean        std         min         25%         50%  \
hist                                                                     
00     60.0  449.627738  41.096960  273.350000  433.710208  450.678750   
01     60.0  443.292992  43.737131  262.437500  425.878542  437.979583   
02     60.0  446.469316  43.405203  268.404504  430.345000  442.144167   
03     60.0  445.544771  45.316671  254.628333  428.476250  439.050833   
04     60.0  441.964860  42.112510  260.039167  424.944792  440.417500   
05     60.0  440.632165  44.651668  260.070000  426.155208  433.507500   
06     60.0  440.043208  42.016542  266.274167  427.610000  434.197917   
07     60.0  442.780275  45.655536  253.853333  423.915000  441.360000   
08     60.0  454.156003  43.781730  272.615000  440.825833  449.707500   
09     60.0  457.116785  45.170832  265.086667  439.779583  454.337972   
10     60.0  470.758959  43.220812  278.789167  451.818750  471.801667   
11     61.0  473.120740  48.432802  276.089167  452.221667  473.793333   
12     61.0  472.335854  47.154790  272.653333  458.357500  471.337500   
13     61.0  468.319152  46.634610  267.639167  448.500000  468.695833   
14     61.0  467.252928  47.177285  267.347500  447.330833  463.716667   
15     61.0  463.687155  45.611784  263.940833  444.280000  463.440833   
16     61.0  466.032337  44.774903  274.677500  451.348333  465.321667   
17     61.0  463.764322  47.613785  265.646667  444.008333  462.605833   
18     61.0  463.085472  48.157374  274.347500  448.555000  461.444167   
19     61.0  454.931340  49.169900  273.653333  439.677500  454.528333   
20     61.0  456.247911  48.172116  262.185000  442.967500  459.280833   
21     61.0  453.990101  50.798276  261.620000  443.503333  452.367500   
22     60.0  453.545992  43.838210  267.464167  437.874375  453.464583   
23     60.0  447.632499  42.491123  270.036667  431.508542  446.304583   

             75%         max  
hist                          
00    471.225000  512.301667  
01    465.838750  513.678333  
02    471.544583  512.661667  
03    480.144850  507.694167  
04    462.669477  512.518333  
05    459.826667  523.293333  
06    466.582083  498.906667  
07    461.299792  535.695000  
08    484.090297  526.480833  
09    483.983125  533.540833  
10    496.640833  532.029167  
11    496.668333  561.660000  
12    491.373333  568.045000  
13    499.008333  557.349167  
14    493.956667  551.734167  
15    488.003333  538.859167  
16    489.373333  541.680000  
17    491.600000  538.305833  
18    491.903333  534.268333  
19    484.688333  533.739167  
20    486.228333  534.158333  
21    487.069167  533.655833  
22    483.565527  542.290000  
23    476.036042  517.992500  

us-west4
      count        mean        std         min         25%         50%  \
hist                                                                     
00     60.0  470.029903  20.874202  425.515833  454.589167  471.052917   
01     60.0  473.719194  22.459827  431.510833  456.851250  473.594583   
02     60.0  475.211396  23.180875  422.255833  461.585625  473.360833   
03     60.0  469.280500  20.912706  424.392500  456.157500  470.698750   
04     60.0  470.791722  21.050748  421.925833  459.004583  469.152917   
05     60.0  471.742625  21.649213  422.655833  460.844375  471.315417   
06     60.0  471.944583  21.432625  432.915833  458.805417  469.133750   
07     61.0  471.156708  21.834555  421.486667  457.850000  468.880000   
08     61.0  473.689249  24.204320  417.026667  456.215000  470.084167   
09     61.0  473.404426  22.176036  429.204167  458.735000  471.308333   
10     61.0  473.605314  23.060986  425.856667  457.313333  469.994167   
11     61.0  473.349891  21.950568  434.238333  460.160000  469.663333   
12     61.0  473.088374  22.626745  425.675833  457.710000  466.987500   
13     61.0  469.815150  21.229041  412.840000  455.248333  467.038333   
14     61.0  473.047418  23.967668  421.732500  455.295833  467.851667   
15     61.0  472.862855  21.800360  415.539167  457.950000  467.005833   
16     61.0  471.832008  23.373642  427.024167  458.129167  467.029167   
17     61.0  475.733115  21.044447  421.912500  461.955000  475.369167   
18     60.0  471.777403  22.222336  424.245000  456.307917  467.992083   
19     60.0  473.739958  24.275798  422.578333  461.074375  471.270417   
20     60.0  471.995236  20.242139  427.935833  460.099375  468.957500   
21     60.0  471.666139  19.050840  431.906667  460.278333  470.874583   
22     60.0  472.615361  22.398353  426.819167  458.030417  471.494167   
23     60.0  469.923583  22.078801  425.533333  456.801250  471.287500   

             75%         max  
hist                          
00    482.808958  517.545833  
01    487.617292  523.611667  
02    492.207292  526.475833  
03    478.736458  524.620000  
04    479.934583  522.240000  
05    484.813125  522.807500  
06    483.537708  525.669167  
07    484.653333  521.605000  
08    484.828333  528.660000  
09    481.170833  543.035000  
10    489.041667  529.412500  
11    486.369167  530.575833  
12    487.915833  534.819167  
13    481.885000  523.560833  
14    490.961667  529.995000  
15    485.679167  530.632500  
16    486.620833  536.860833  
17    488.853333  520.478333  
18    484.120833  530.455833  
19    489.237917  521.130833  
20    484.315208  517.440000  
21    483.469792  515.958333  
22    484.246042  516.405000  
23    482.403750  529.464167  

us-west2
      count        mean        std         min         25%         50%  \
hist                                                                     
00     60.0  498.225428  63.496470  287.770000  475.640417  499.223750   
01     60.0  478.304408  58.383736  281.138333  460.039167  471.569583   
02     60.0  479.698469  58.906423  284.377500  459.254792  474.410000   
03     60.0  485.441708  60.064992  275.115833  470.293750  480.839167   
04     60.0  492.058020  65.422759  271.581667  469.153750  491.036885   
05     60.0  495.349400  58.598191  285.546667  474.928750  498.805833   
06     60.0  499.676014  64.796952  283.198333  480.138333  496.365833   
07     61.0  512.557992  66.832565  287.761667  490.957500  512.522500   
08     61.0  511.623210  69.853718  280.681667  491.449167  513.877500   
09     61.0  510.412855  68.530162  281.251667  492.637500  509.606667   
10     61.0  514.139328  67.713322  286.180833  490.236667  519.703333   
11     61.0  508.618726  67.531473  281.380000  489.332500  506.869167   
12     61.0  508.397090  65.967354  281.717500  491.795833  509.824167   
13     61.0  484.493244  58.437675  283.099167  465.940833  481.685833   
14     61.0  488.795549  59.608314  290.173333  469.233333  486.006667   
15     61.0  492.526926  65.708024  285.799167  468.640000  487.379167   
16     61.0  498.078989  66.903682  278.004167  472.830000  492.343333   
17     61.0  506.357590  70.430932  276.172500  483.641667  509.403333   
18     60.0  507.744778  71.117774  280.792500  483.001667  507.621667   
19     60.0  506.976958  69.412374  289.625000  484.599167  505.103333   
20     60.0  508.404091  67.577956  289.545833  487.986875  508.598333   
21     60.0  502.991365  65.193293  276.500833  484.053750  502.217500   
22     60.0  502.899995  65.487751  288.449167  482.212917  501.081667   
23     60.0  499.009398  64.282576  285.388333  482.845833  497.533750   

             75%         max  
hist                          
00    527.609583  641.421667  
01    502.213750  644.057500  
02    509.010833  604.952500  
03    516.425625  597.660000  
04    515.444375  625.271285  
05    523.387292  617.055833  
06    525.895625  670.655000  
07    539.745833  666.590000  
08    537.332500  742.726667  
09    536.183333  686.921667  
10    545.387500  668.019167  
11    534.588333  682.577500  
12    534.885000  682.757500  
13    513.460833  603.753333  
14    525.149167  611.674167  
15    520.951667  636.133333  
16    525.357500  644.951667  
17    527.521667  681.816667  
18    531.430000  713.940833  
19    523.256875  715.779167  
20    530.262500  697.450833  
21    536.685625  671.381667  
22    529.573958  654.754167  
23    527.505417  681.047500  

ca-central-1
      count       mean       std        min        25%        50%        75%  \
hist                                                                           
00     60.0  67.960442  1.862816  64.810125  66.386162  68.188291  69.266717   
01     60.0  67.957446  1.869024  64.683948  66.367829  68.162636  69.282906   
02     60.0  67.954278  1.875280  64.560034  66.350586  68.139131  69.271460   
03     60.0  67.950941  1.881531  64.437833  66.335363  68.118451  69.317895   
04     60.0  67.947447  1.887742  64.316935  66.341281  68.101052  69.334221   
05     60.0  67.943786  1.893863  64.197061  66.380122  68.078882  69.348599   
06     60.0  67.939936  1.899749  64.078002  66.414763  68.059894  69.356496   
07     60.0  67.935863  1.905265  63.959637  66.410204  68.077828  69.358467   
08     60.0  67.931538  1.910246  63.841910  66.422167  68.072743  69.337160   
09     60.0  67.926966  1.914564  63.724805  66.423529  68.073008  69.302753   
10     61.0  67.934978  1.904813  63.608296  66.461636  68.279295  69.280760   
11     61.0  67.930000  1.907851  63.492328  66.423567  68.279635  69.310575   
12     61.0  67.924673  1.910378  63.376884  66.385062  68.279088  69.342021   
13     61.0  67.919116  1.912743  63.261975  66.346055  68.276697  69.370623   
14     61.0  67.913482  1.915368  63.147608  66.325603  68.272739  69.388022   
15     61.0  67.907908  1.918683  63.033819  66.268634  68.268254  69.345261   
16     61.0  67.902494  1.923108  62.920653  66.234429  68.264236  69.287091   
17     61.0  67.897252  1.928936  62.808153  66.245615  68.258167  69.233781   
18     61.0  67.892123  1.936250  62.696353  66.185455  68.157305  69.204654   
19     61.0  67.887040  1.944878  62.585291  66.231410  68.116825  69.230237   
20     61.0  67.881995  1.954587  62.474978  66.272106  68.132279  69.248675   
21     60.0  67.968857  1.844869  65.069466  66.381116  68.199831  69.299143   
22     60.0  67.966061  1.850703  65.054711  66.386060  68.206692  69.344259   
23     60.0  67.963290  1.856700  64.939411  66.374556  68.213483  69.344513   

            max  
hist             
00    72.258419  
01    72.175469  
02    72.361999  
03    72.547682  
04    72.730416  
05    72.905884  
06    73.068082  
07    73.211199  
08    73.327722  
09    73.410964  
10    73.456343  
11    73.463219  
12    73.434732  
13    73.375085  
14    73.289272  
15    73.183396  
16    73.065375  
17    72.943345  
18    72.823563  
19    72.710476  
20    72.607505  
21    72.514269  
22    72.427654  
23    72.343569  

ap-northeast-1
      count       mean       std        min        25%        50%        75%  \
hist                                                                           
00     61.0  69.206979  1.048547  67.127088  68.507213  69.147505  70.013426   
01     61.0  69.206403  1.051132  67.157748  68.475483  69.284747  70.000428   
02     61.0  69.205980  1.052964  67.173451  68.504769  69.259179  69.975754   
03     61.0  69.205581  1.054041  67.150903  68.483855  69.238194  69.921094   
04     61.0  69.205060  1.054432  67.128143  68.461665  69.284639  69.889869   
05     61.0  69.204308  1.054210  67.105730  68.443884  69.347448  69.850902   
06     61.0  69.203301  1.053500  67.083959  68.429163  69.327560  69.861467   
07     61.0  69.202084  1.052451  67.063791  68.386862  69.379208  69.870828   
08     61.0  69.200722  1.051219  67.045951  68.326349  69.413534  69.867379   
09     61.0  69.199276  1.049970  67.031196  68.280948  69.380415  69.855476   
10     60.0  69.228686  1.029372  67.020117  68.349918  69.360363  69.864147   
11     60.0  69.227889  1.027026  67.013500  68.347127  69.312802  69.930604   
12     60.0  69.227163  1.025113  67.010977  68.345203  69.288234  69.962345   
13     60.0  69.226496  1.023873  67.011475  68.368269  69.292568  69.981030   
14     60.0  69.225859  1.023532  67.014057  68.349870  69.322044  70.000922   
15     60.0  69.225192  1.024167  67.018440  68.311037  69.283917  70.029612   
16     60.0  69.224432  1.025774  67.024536  68.296595  69.231080  70.058839   
17     60.0  69.223520  1.028313  67.031221  68.319088  69.203974  70.029048   
18     60.0  69.222422  1.031682  67.037952  68.356427  69.188849  70.043876   
19     60.0  69.221139  1.035665  67.044865  68.441180  69.173959  70.062790   
20     60.0  69.219701  1.039974  67.053369  68.546914  69.160032  70.069106   
21     60.0  69.218227  1.044334  67.064778  68.548071  69.125166  70.023273   
22     60.0  69.216881  1.048514  67.080325  68.544658  69.156975  70.004535   
23     61.0  69.207785  1.045333  67.100982  68.527533  69.137506  69.990517   

            max  
hist             
00    72.540459  
01    72.526414  
02    72.491280  
03    72.434973  
04    72.357649  
05    72.259344  
06    72.139871  
07    71.998950  
08    71.837784  
09    71.658567  
10    71.463797  
11    71.320018  
12    71.467821  
13    71.610281  
14    71.745614  
15    71.873304  
16    71.993658  
17    72.107009  
18    72.212771  
19    72.308688  
20    72.391511  
21    72.457889  
22    72.505652  
23    72.533453  

ap-southeast-2
      count       mean       std        min        25%        50%        75%  \
hist                                                                           
00     61.0  71.001109  1.657295  67.400373  70.061881  70.703699  72.080782   
01     61.0  70.994797  1.658659  67.269773  70.057426  70.736001  72.041712   
02     61.0  70.988317  1.660120  67.138732  70.041078  70.783283  71.960300   
03     61.0  70.981732  1.661801  67.007288  70.029389  70.741747  71.851599   
04     61.0  70.975111  1.663839  66.875512  70.068549  70.732964  71.741821   
05     61.0  70.968520  1.666406  66.743486  70.053321  70.714629  71.631980   
06     61.0  70.962029  1.669665  66.611280  70.035409  70.689908  71.601182   
07     61.0  70.955661  1.673707  66.478927  70.014395  70.754192  71.577949   
08     61.0  70.949406  1.678549  66.346405  70.040583  70.755608  71.584515   
09     61.0  70.943216  1.684186  66.213693  70.059756  70.791846  71.596007   
10     61.0  70.937025  1.690595  66.080801  70.085568  70.775874  71.608107   
11     60.0  71.013835  1.582179  67.703364  70.119089  70.778162  71.633609   
12     60.0  71.009354  1.584035  67.735018  70.150489  70.771861  71.640882   
13     60.0  71.004736  1.586283  67.769277  70.185863  70.719312  71.676723   
14     60.0  70.999939  1.588799  67.755953  70.222374  70.671093  71.674066   
15     60.0  70.994963  1.591448  67.684473  70.221791  70.633516  71.692220   
16     60.0  70.989853  1.594157  67.619737  70.217819  70.645084  71.721553   
17     60.0  70.984665  1.596932  67.562256  70.210621  70.654484  71.747252   
18     60.0  70.979432  1.599777  67.513260  70.201864  70.640007  71.768319   
19     60.0  70.974167  1.602668  67.473502  70.195601  70.629616  71.819280   
20     60.0  70.968865  1.605554  67.443163  70.170742  70.626462  71.872468   
21     60.0  70.963522  1.608355  67.422214  70.134173  70.628679  71.922452   
22     60.0  70.958095  1.610963  67.410490  70.079408  70.645905  71.967249   
23     60.0  70.952502  1.613278  67.407026  70.038165  70.686189  72.004631   

            max  
hist             
00    74.697813  
01    74.669629  
02    74.642375  
03    74.616205  
04    74.591059  
05    74.567109  
06    74.544134  
07    74.520980  
08    74.495321  
09    74.464443  
10    74.472343  
11    74.542253  
12    74.606680  
13    74.663663  
14    74.711238  
15    74.747927  
16    74.773962  
17    74.790269  
18    74.797610  
19    74.796695  
20    74.788347  
21    74.772842  
22    74.751198  
23    74.725535  

ap-south-1
      count       mean       std        min        25%        50%        75%  \
hist                                                                           
00     61.0  70.673471  1.780842  66.553726  69.313380  70.255155  72.491711   
01     61.0  70.668578  1.785786  66.452533  69.313081  70.339546  72.500974   
02     61.0  70.663423  1.791551  66.352610  69.315660  70.357566  72.512586   
03     61.0  70.658079  1.798094  66.253972  69.338382  70.363731  72.524504   
04     61.0  70.652618  1.805284  66.156640  69.344208  70.328555  72.516747   
05     61.0  70.647092  1.812991  66.060598  69.347129  70.223762  72.505604   
06     60.0  70.719482  1.730808  68.024952  69.363362  70.323551  72.514818   
07     60.0  70.715520  1.735314  68.024598  69.398330  70.341688  72.511278   
08     60.0  70.711649  1.739505  68.010106  69.406285  70.332829  72.499693   
09     60.0  70.707719  1.743285  67.912232  69.415737  70.292145  72.484813   
10     60.0  70.703639  1.746584  67.830721  69.413128  70.232404  72.469136   
11     60.0  70.699386  1.749420  67.764250  69.430297  70.211573  72.452370   
12     60.0  70.694992  1.751819  67.712084  69.438405  70.195089  72.427639   
13     60.0  70.690502  1.753843  67.674558  69.442880  70.182711  72.440879   
14     60.0  70.685941  1.755571  67.601489  69.432222  70.168957  72.443267   
15     60.0  70.681318  1.757051  67.496178  69.415603  70.133044  72.452878   
16     60.0  70.676650  1.758372  67.390748  69.400020  70.099807  72.469525   
17     60.0  70.671960  1.759639  67.285179  69.385760  70.087534  72.460023   
18     60.0  70.667327  1.760971  67.179542  69.368754  70.076000  72.422428   
19     61.0  70.695465  1.766236  67.073977  69.367131  70.049187  72.447705   
20     61.0  70.691109  1.768076  66.968652  69.363497  70.014257  72.502301   
21     61.0  70.686821  1.770360  66.863765  69.354592  70.035572  72.555288   
22     61.0  70.682514  1.773198  66.759517  69.338649  70.074705  72.555147   
23     61.0  70.678098  1.776666  66.656105  69.336460  70.100873  72.521313   

            max  
hist             
00    73.939755  
01    73.915277  
02    73.888409  
03    73.859644  
04    73.828944  
05    73.840133  
06    73.859021  
07    73.877198  
08    73.894589  
09    73.910943  
10    73.925525  
11    73.937111  
12    73.946305  
13    73.954714  
14    73.963193  
15    73.972319  
16    73.981267  
17    73.988960  
18    73.993962  
19    73.995607  
20    73.993774  
21    73.988000  
22    73.977148  
23    73.960773  

eu-west-2
      count       mean       std        min        25%        50%        75%  \
hist                                                                           
00     61.0  66.951599  1.233647  65.248612  65.989426  66.737914  67.438848   
01     61.0  66.949914  1.235189  65.307598  66.002011  66.729855  67.483372   
02     60.0  66.963091  1.242779  65.374062  66.029464  66.742781  67.479976   
03     60.0  66.962131  1.245748  65.445133  66.063364  66.725787  67.453370   
04     60.0  66.961258  1.249177  65.441893  66.057612  66.693057  67.432765   
05     60.0  66.960370  1.252703  65.440593  66.066750  66.658046  67.425835   
06     60.0  66.959391  1.256014  65.411336  66.071206  66.635250  67.419276   
07     60.0  66.958277  1.258854  65.375027  66.033297  66.616228  67.441216   
08     60.0  66.957012  1.261041  65.337260  66.064631  66.600287  67.471025   
09     60.0  66.955606  1.262471  65.298917  66.091380  66.582141  67.549243   
10     60.0  66.954097  1.263043  65.261147  66.081467  66.553571  67.514931   
11     60.0  66.952547  1.262785  65.224754  66.073921  66.524410  67.518519   
12     60.0  66.951020  1.261777  65.189914  66.104335  66.529815  67.560501   
13     60.0  66.949588  1.260165  65.157177  66.119293  66.504462  67.587831   
14     60.0  66.948329  1.258105  65.127229  66.102239  66.517668  67.575202   
15     61.0  66.967245  1.254512  65.101239  66.103119  66.569490  67.584561   
16     61.0  66.965653  1.251060  65.081161  66.097424  66.609004  67.583283   
17     61.0  66.964063  1.247586  65.069270  66.079548  66.612682  67.581036   
18     61.0  66.962419  1.244159  65.067288  66.025662  66.621847  67.576879   
19     61.0  66.960707  1.240899  65.075570  66.018818  66.635874  67.570556   
20     61.0  66.958942  1.237979  65.093572  66.012532  66.618829  67.562609   
21     61.0  66.957131  1.235594  65.120442  65.970698  66.628191  67.504720   
22     61.0  66.955269  1.233949  65.155245  65.979331  66.686706  67.431147   
23     61.0  66.953397  1.233248  65.197807  65.985664  66.686285  67.472326   

            max  
hist             
00    70.909139  
01    70.863588  
02    70.816250  
03    70.843324  
04    70.891181  
05    70.939949  
06    70.987922  
07    71.034277  
08    71.078142  
09    71.118083  
10    71.152839  
11    71.181850  
12    71.204187  
13    71.218137  
14    71.222123  
15    71.215992  
16    71.200952  
17    71.178794  
18    71.150638  
19    71.117118  
20    71.079675  
21    71.039628  
22    70.997549  
23    70.953866  

sa-east-1
      count       mean       std        min        25%        50%        75%  \
hist                                                                           
00     60.0  65.699287  0.888182  63.634380  65.081098  65.601192  66.306472   
01     60.0  65.698038  0.887141  63.609113  65.061121  65.585440  66.288189   
02     60.0  65.696842  0.886286  63.591326  65.113972  65.577615  66.259722   
03     60.0  65.695669  0.885739  63.579816  65.099036  65.557857  66.234854   
04     60.0  65.694513  0.885514  63.573418  65.116815  65.559251  66.248597   
05     60.0  65.693388  0.885583  63.572398  65.147661  65.563009  66.263535   
06     60.0  65.692307  0.885857  63.577949  65.143390  65.529208  66.268063   
07     60.0  65.691250  0.886214  63.590043  65.120963  65.566875  66.267237   
08     60.0  65.690191  0.886528  63.607796  65.114993  65.587652  66.237805   
09     60.0  65.689111  0.886711  63.630529  65.125299  65.574187  66.200722   
10     60.0  65.687988  0.886708  63.658016  65.118835  65.559127  66.186689   
11     61.0  65.709398  0.896562  63.690505  65.138998  65.567923  66.290241   
12     61.0  65.708068  0.895972  63.727479  65.154584  65.615020  66.230534   
13     61.0  65.706549  0.895152  63.767746  65.148179  65.621534  66.220469   
14     61.0  65.704849  0.894220  63.811385  65.141163  65.606132  66.237837   
15     61.0  65.703014  0.893262  63.819251  65.164549  65.606657  66.214989   
16     61.0  65.701092  0.892347  63.831372  65.112217  65.620192  66.226145   
17     61.0  65.699144  0.891498  63.846245  65.097632  65.654538  66.269735   
18     61.0  65.697218  0.890704  63.862739  65.091146  65.622683  66.304050   
19     61.0  65.695335  0.889967  63.877490  65.065602  65.591083  66.327454   
20     61.0  65.693496  0.889281  63.814970  65.050381  65.601386  66.339275   
21     61.0  65.691691  0.888615  63.758412  65.038016  65.582658  66.341032   
22     60.0  65.702030  0.890356  63.709034  65.118741  65.586072  66.282589   
23     60.0  65.700617  0.889266  63.667720  65.101698  65.606418  66.309159   

            max  
hist             
00    67.744739  
01    67.722828  
02    67.695066  
03    67.663274  
04    67.629767  
05    67.596632  
06    67.565191  
07    67.536502  
08    67.510442  
09    67.486921  
10    67.466272  
11    67.486311  
12    67.520783  
13    67.553995  
14    67.585764  
15    67.616306  
16    67.645618  
17    67.673903  
18    67.701370  
19    67.726883  
20    67.747545  
21    67.760618  
22    67.764670  
23    67.759194  

eu-central-1
      count       mean       std        min        25%        50%        75%  \
hist                                                                           
00     61.0  68.136060  0.980377  66.368798  67.466976  67.898873  68.742725   
01     61.0  68.135050  0.978687  66.380441  67.433558  67.916940  68.664509   
02     61.0  68.133960  0.976681  66.398783  67.436808  67.925136  68.607783   
03     60.0  68.137118  0.982106  66.424396  67.409872  67.959580  68.643808   
04     60.0  68.135840  0.979749  66.457532  67.397880  67.994227  68.606416   
05     60.0  68.134621  0.977396  66.498131  67.361938  67.990722  68.639280   
06     60.0  68.133446  0.975215  66.546060  67.324825  67.988536  68.688633   
07     60.0  68.132359  0.973339  66.600937  67.313851  67.977122  68.737762   
08     60.0  68.131406  0.971873  66.662546  67.348909  67.955597  68.786896   
09     60.0  68.130619  0.970904  66.671045  67.375435  67.939273  68.835445   
10     60.0  68.130004  0.970491  66.634395  67.380899  67.940164  68.882882   
11     60.0  68.129525  0.970572  66.600528  67.372930  67.922585  68.928721   
12     60.0  68.129114  0.971046  66.569319  67.351727  67.914827  68.976265   
13     60.0  68.128723  0.971871  66.540172  67.359558  67.918038  69.035783   
14     60.0  68.128321  0.973089  66.512349  67.394586  67.895949  69.044693   
15     60.0  68.127902  0.974813  66.485127  67.420161  67.886519  69.010669   
16     61.0  68.140256  0.973693  66.458935  67.415750  67.879619  68.965496   
17     61.0  68.140169  0.976038  66.434486  67.394887  67.894098  68.949979   
18     61.0  68.139915  0.978232  66.412303  67.416574  67.894302  68.934391   
19     61.0  68.139532  0.980099  66.393040  67.457599  67.870111  68.912501   
20     61.0  68.139045  0.981477  66.377735  67.500896  67.892939  68.882503   
21     61.0  68.138455  0.982234  66.367327  67.511576  67.888220  68.850414   
22     61.0  68.137757  0.982278  66.362207  67.513218  67.894465  68.810707   
23     61.0  68.136962  0.981627  66.362786  67.515909  67.896453  68.835816   

            max  
hist             
00    70.265158  
01    70.261019  
02    70.253392  
03    70.242573  
04    70.229586  
05    70.215769  
06    70.201706  
07    70.186850  
08    70.170505  
09    70.152559  
10    70.132827  
11    70.111142  
12    70.087401  
13    70.062089  
14    70.036208  
15    70.046898  
16    70.096018  
17    70.139651  
18    70.177083  
19    70.207569  
20    70.231276  
21    70.248413  
22    70.259315  
23    70.264785  

us-east-1
      count       mean       std        min        25%        50%        75%  \
hist                                                                           
00     60.0  70.151468  1.082602  68.004826  69.418614  69.942984  70.656593   
01     60.0  70.151250  1.083267  67.979643  69.465299  69.980588  70.674188   
02     60.0  70.151140  1.083567  67.960717  69.454934  69.981490  70.658469   
03     60.0  70.151117  1.083591  67.949387  69.441622  69.988413  70.654686   
04     60.0  70.151123  1.083474  67.946993  69.426276  69.996213  70.666970   
05     60.0  70.151105  1.083361  67.954670  69.406387  70.007843  70.678830   
06     60.0  70.151081  1.083281  67.973293  69.391606  70.041665  70.677979   
07     60.0  70.151102  1.083127  68.004277  69.380713  70.022689  70.665321   
08     60.0  70.151234  1.082791  68.048459  69.374828  69.978925  70.693248   
09     60.0  70.151529  1.082190  68.105104  69.378890  69.970174  70.686176   
10     61.0  70.163885  1.075906  68.173239  69.400122  69.992292  70.845637   
11     61.0  70.164997  1.074779  68.249584  69.430507  70.007136  70.846146   
12     61.0  70.166221  1.073524  68.296153  69.433291  70.057736  70.846522   
13     61.0  70.167492  1.072349  68.326398  69.425762  70.097323  70.914740   
14     61.0  70.168746  1.071591  68.301454  69.416083  70.089728  70.973144   
15     61.0  70.169912  1.071496  68.278330  69.377619  70.129079  70.935599   
16     61.0  70.170934  1.072175  68.255073  69.362357  70.172271  70.922672   
17     61.0  70.171782  1.073611  68.229541  69.332150  70.176642  70.899728   
18     61.0  70.172476  1.075707  68.201411  69.320273  70.140208  70.847830   
19     61.0  70.173072  1.078246  68.171086  69.326094  70.098308  70.824364   
20     61.0  70.173646  1.080997  68.138229  69.335188  70.049632  70.773637   
21     60.0  70.152306  1.079198  68.103512  69.321730  70.012472  70.704644   
22     60.0  70.152087  1.080427  68.068495  69.347544  69.963169  70.670608   
23     60.0  70.151771  1.081616  68.034826  69.361731  69.940961  70.658259   

            max  
hist             
00    73.011281  
01    73.071523  
02    73.120939  
03    73.160804  
04    73.192432  
05    73.217241  
06    73.235583  
07    73.247377  
08    73.252983  
09    73.253162  
10    73.247954  
11    73.237274  
12    73.222019  
13    73.202780  
14    73.179436  
15    73.151396  
16    73.117379  
17    73.075918  
18    73.026901  
19    72.970021  
20    72.905429  
21    72.833655  
22    72.860674  
23    72.940491  

us-west-1
      count       mean       std        min        25%        50%        75%  \
hist                                                                           
00     60.0  69.362947  1.581542  66.404368  68.063428  69.643719  70.708120   
01     60.0  69.359506  1.584757  66.387085  68.022937  69.587144  70.746942   
02     60.0  69.355990  1.588125  66.305515  68.053155  69.603193  70.786415   
03     60.0  69.352338  1.591602  66.232287  68.061554  69.578295  70.842836   
04     60.0  69.348490  1.595033  66.167903  68.041970  69.541039  70.884284   
05     60.0  69.344406  1.598265  66.112454  68.018050  69.547708  70.923844   
06     60.0  69.340060  1.601187  66.065688  68.024721  69.640440  70.912490   
07     61.0  69.358345  1.600318  66.027386  68.052325  69.720279  70.877399   
08     61.0  69.354098  1.602961  65.997188  68.071958  69.717025  70.842061   
09     61.0  69.349893  1.605504  65.975026  68.095790  69.723679  70.807108   
10     61.0  69.345801  1.608072  65.960202  68.112084  69.720596  70.773851   
11     61.0  69.341842  1.610800  65.952026  68.118216  69.738178  70.766569   
12     61.0  69.337995  1.613855  65.866203  68.127205  69.749783  70.816177   
13     61.0  69.334214  1.617457  65.742878  68.109008  69.752540  70.859052   
14     61.0  69.330426  1.621805  65.619703  68.058677  69.746670  70.892408   
15     61.0  69.326544  1.626953  65.496822  68.059532  69.732682  70.863294   
16     61.0  69.322501  1.632786  65.374321  68.097607  69.710931  70.826437   
17     61.0  69.318217  1.639182  65.252240  68.137598  69.682049  70.782954   
18     60.0  69.383312  1.566427  66.060775  68.127473  69.885745  70.769807   
19     60.0  69.380101  1.568713  66.100756  68.104492  69.898409  70.804769   
20     60.0  69.376753  1.570988  66.148364  68.087633  69.902789  70.820462   
21     60.0  69.373317  1.573329  66.203263  68.074485  69.845095  70.809542   
22     60.0  69.369838  1.575818  66.264791  68.065966  69.778278  70.778159   
23     60.0  69.366379  1.578544  66.332169  68.062392  69.710619  70.739847   

            max  
hist             
00    71.842895  
01    71.830750  
02    71.855096  
03    71.876530  
04    71.878965  
05    71.859269  
06    71.816198  
07    71.750603  
08    71.664775  
09    71.562466  
10    71.501410  
11    71.511928  
12    71.517204  
13    71.552150  
14    71.586907  
15    71.622802  
16    71.659865  
17    71.697041  
18    71.733207  
19    71.766869  
20    71.796345  
21    71.819892  
22    71.836182  
23    71.844224  

us-west-2
      count       mean       std        min        25%        50%        75%  \
hist                                                                           
00     60.0  70.284758  1.184091  68.407320  69.407799  70.066126  71.036489   
01     60.0  70.284292  1.186861  68.427198  69.410582  70.051465  71.031977   
02     60.0  70.283763  1.190171  68.447663  69.404687  70.038981  71.095134   
03     60.0  70.283130  1.193944  68.470342  69.400756  70.034949  71.123001   
04     60.0  70.282359  1.198066  68.496322  69.416093  70.062994  71.135033   
05     60.0  70.281396  1.202348  68.525665  69.439742  70.027520  71.144988   
06     60.0  70.280134  1.206386  68.557420  69.460310  70.034088  71.142873   
07     61.0  70.255951  1.209270  68.514609  69.387400  69.991419  71.056044   
08     61.0  70.256225  1.206770  68.431147  69.471935  69.987524  71.044115   
09     61.0  70.256367  1.204228  68.357246  69.446917  69.980027  71.034150   
10     61.0  70.256427  1.201811  68.295109  69.476472  70.009566  71.025275   
11     61.0  70.256423  1.199724  68.246133  69.530159  70.033592  71.016110   
12     61.0  70.256353  1.198101  68.210786  69.514943  70.006067  71.005219   
13     61.0  70.256185  1.196974  68.188930  69.447381  70.042366  70.990768   
14     61.0  70.255896  1.196342  68.179809  69.440645  70.066429  70.971460   
15     61.0  70.255478  1.196221  68.182564  69.428264  70.068441  70.946521   
16     61.0  70.254903  1.196544  68.195986  69.405428  70.085764  70.912387   
17     61.0  70.254160  1.197236  68.218128  69.442267  70.103245  70.880846   
18     60.0  70.287728  1.177464  68.246392  69.480598  70.114539  70.912690   
19     60.0  70.287248  1.177596  68.277432  69.470602  70.118898  71.014272   
20     60.0  70.286704  1.178046  68.308354  69.421864  70.117993  71.060086   
21     60.0  70.286167  1.178891  68.337263  69.382374  70.111876  71.073181   
22     60.0  70.285668  1.180158  68.363297  69.365525  70.101128  71.063034   
23     60.0  70.285204  1.181872  68.386359  69.376987  70.083062  71.035616   

            max  
hist             
00    73.638253  
01    73.705002  
02    73.761657  
03    73.806306  
04    73.837281  
05    73.853713  
06    73.855244  
07    73.841730  
08    73.812915  
09    73.768803  
10    73.710426  
11    73.639311  
12    73.556748  
13    73.463173  
14    73.358884  
15    73.245913  
16    73.126004  
17    73.000763  
18    73.098487  
19    73.200103  
20    73.297811  
21    73.391339  
22    73.479990  
23    73.562757  

brazilsouth
      count       mean       std        min        25%        50%        75%  \
hist                                                                           
00     60.0  57.170972  2.530457  54.386756  55.949155  56.777486  57.526384   
01     60.0  57.167970  2.525587  54.374175  55.942820  56.766387  57.518038   
02     60.0  57.164643  2.520564  54.364957  55.976922  56.790245  57.506360   
03     60.0  57.160942  2.515354  54.360926  55.935058  56.812915  57.483684   
04     60.0  57.156882  2.510009  54.363114  55.850662  56.818037  57.459289   
05     60.0  57.152536  2.504624  54.372182  55.769448  56.829860  57.481175   
06     60.0  57.148003  2.499145  54.388258  55.772353  56.869839  57.497580   
07     60.0  57.143360  2.493333  54.412120  55.778601  56.890894  57.528996   
08     60.0  57.138624  2.486858  54.444149  55.800261  56.892716  57.559129   
09     60.0  57.133828  2.479331  54.484195  55.843012  56.906073  57.499649   
10     60.0  57.128941  2.470107  54.531320  55.790300  56.941296  57.458250   
11     61.0  57.238958  2.596835  54.554085  55.856557  56.956541  57.448765   
12     61.0  57.237175  2.592499  54.547421  55.849115  56.979253  57.539833   
13     61.0  57.235287  2.587311  54.541734  55.875501  56.960619  57.634614   
14     61.0  57.233337  2.581594  54.535085  55.914997  56.884522  57.573351   
15     61.0  57.231397  2.575777  54.526196  55.925687  56.835098  57.502465   
16     61.0  57.229517  2.570091  54.514441  55.948127  56.815642  57.511843   
17     61.0  57.227739  2.564623  54.500003  55.981431  56.786170  57.528327   
18     61.0  57.226110  2.559524  54.483640  55.977660  56.769449  57.543184   
19     61.0  57.224614  2.554809  54.466283  55.972479  56.773469  57.569781   
20     61.0  57.223198  2.550418  54.449445  55.971514  56.787782  57.620453   
21     61.0  57.221799  2.546269  54.433179  55.974079  56.796430  57.660392   
22     60.0  57.176277  2.540172  54.416859  55.989134  56.780657  57.581057   
23     60.0  57.173727  2.535287  54.401145  55.979035  56.790208  57.560967   

            max  
hist             
00    69.496126  
01    69.439662  
02    69.365889  
03    69.274363  
04    69.166172  
05    69.042618  
06    68.903592  
07    68.746822  
08    68.810599  
09    68.989844  
10    69.154679  
11    69.250194  
12    69.336913  
13    69.413481  
14    69.478654  
15    69.532005  
16    69.572252  
17    69.599219  
18    69.613656  
19    69.616704  
20    69.609658  
21    69.593751  
22    69.570266  
23    69.538468  

australiaeast
      count       mean       std        min        25%        50%        75%  \
hist                                                                           
00     61.0  69.611218  3.065582  64.259432  67.144783  69.662269  72.307561   
01     61.0  69.609615  3.065559  64.263896  67.169088  69.579372  72.360680   
02     61.0  69.608055  3.065618  64.273951  67.146065  69.503511  72.398688   
03     61.0  69.606534  3.065726  64.290505  67.119904  69.435897  72.418381   
04     61.0  69.605034  3.065806  64.315267  67.091669  69.375862  72.366777   
05     61.0  69.603545  3.065833  64.317194  67.062779  69.322622  72.316824   
06     61.0  69.602042  3.065844  64.267429  67.034052  69.276577  72.177145   
07     61.0  69.600544  3.065857  64.226164  67.057547  69.237506  72.227105   
08     61.0  69.599051  3.065762  64.194526  67.095589  69.203043  72.189651   
09     61.0  69.597523  3.065399  64.172258  67.137297  69.168922  72.157657   
10     61.0  69.595967  3.064680  64.157865  67.214853  69.130646  72.131341   
11     60.0  69.605391  3.088213  64.150416  67.256043  69.633613  72.223578   
12     60.0  69.603225  3.086614  64.147830  67.226910  69.587653  72.212621   
13     60.0  69.600966  3.084859  64.146853  67.183127  69.554569  72.205385   
14     60.0  69.598551  3.083127  64.145290  67.154333  69.414563  72.201432   
15     60.0  69.595945  3.081601  64.143047  67.135705  69.240419  72.215073   
16     60.0  69.593178  3.080369  64.142118  67.126225  69.064979  72.244054   
17     60.0  69.590343  3.079480  64.144997  67.123424  68.891843  72.273759   
18     60.0  69.587568  3.078950  64.152815  67.124672  68.927452  72.295912   
19     60.0  69.584956  3.078735  64.165260  67.128197  69.001545  72.314122   
20     60.0  69.582562  3.078680  64.182715  67.132690  69.067921  72.330594   
21     60.0  69.580416  3.078640  64.205586  67.143556  69.125385  72.335156   
22     60.0  69.578499  3.078558  64.234612  67.160329  69.218436  72.331058   
23     60.0  69.576805  3.078473  64.261472  67.171426  69.235357  72.326157   

            max  
hist             
00    74.263071  
01    74.311271  
02    74.350457  
03    74.376929  
04    74.391042  
05    74.394479  
06    74.388990  
07    74.401044  
08    74.470333  
09    74.526702  
10    74.568123  
11    74.592935  
12    74.601469  
13    74.595857  
14    74.579078  
15    74.552293  
16    74.515686  
17    74.471288  
18    74.422369  
19    74.371627  
20    74.321262  
21    74.272297  
22    74.225172  
23    74.234853  

eastus
      count       mean       std        min        25%        50%        75%  \
hist                                                                           
00     60.0  73.132202  0.760431  71.245988  72.686315  73.111801  73.545770   
01     60.0  73.132737  0.762617  71.207163  72.663112  73.090888  73.523370   
02     60.0  73.133222  0.765235  71.173185  72.664334  73.064275  73.489958   
03     60.0  73.133662  0.768115  71.143457  72.643870  72.991848  73.488904   
04     60.0  73.134036  0.770896  71.118768  72.634228  72.946848  73.485943   
05     60.0  73.134325  0.773283  71.100522  72.653025  72.946744  73.480835   
06     60.0  73.134539  0.775094  71.089540  72.630271  72.949033  73.484933   
07     60.0  73.134664  0.776149  71.086658  72.578964  72.960165  73.486295   
08     60.0  73.134690  0.776347  71.093043  72.593408  72.957837  73.499111   
09     60.0  73.134569  0.775688  71.109234  72.626305  72.969764  73.530429   
10     61.0  73.099674  0.814097  71.018699  72.573467  72.992885  73.574179   
11     61.0  73.100723  0.808361  71.107843  72.583894  73.005919  73.605272   
12     61.0  73.101514  0.802409  71.196574  72.599069  73.017510  73.618900   
13     61.0  73.102079  0.796505  71.249475  72.611572  73.008347  73.629656   
14     61.0  73.102511  0.790949  71.296192  72.627594  73.036021  73.637743   
15     61.0  73.102890  0.786017  71.346765  72.637827  73.060893  73.642893   
16     61.0  73.103242  0.781911  71.401322  72.657239  73.054408  73.644134   
17     61.0  73.103561  0.778778  71.460790  72.687155  73.060401  73.624787   
18     61.0  73.103838  0.776797  71.525938  72.711484  73.070345  73.602324   
19     61.0  73.104058  0.776060  71.517523  72.688089  73.063266  73.589672   
20     61.0  73.104219  0.776459  71.450821  72.648634  73.061423  73.559284   
21     60.0  73.129920  0.757913  71.391213  72.686314  73.084785  73.548190   
22     60.0  73.130857  0.757996  71.337915  72.672855  73.082312  73.579316   
23     60.0  73.131598  0.758846  71.289769  72.668624  73.094277  73.582036   

            max  
hist             
00    74.921374  
01    74.951005  
02    74.983610  
03    75.017699  
04    75.050072  
05    75.077003  
06    75.095022  
07    75.101893  
08    75.096875  
09    75.080603  
10    75.055397  
11    75.024678  
12    74.992187  
13    74.961246  
14    74.934875  
15    74.915324  
16    74.902887  
17    74.895983  
18    74.892519  
19    74.890794  
20    74.888667  
21    74.883651  
22    74.873598  
23    74.894353  

centralindia
      count       mean       std        min        25%        50%        75%  \
hist                                                                           
00     61.0  49.552057  1.891130  47.091800  48.189163  49.157446  50.465026   
01     61.0  49.541319  1.858210  47.118037  48.211197  49.120321  50.402842   
02     61.0  49.530760  1.826327  47.152908  48.186244  49.121125  50.442346   
03     61.0  49.520379  1.795524  47.195235  48.147834  49.157258  50.500085   
04     61.0  49.510170  1.765853  47.242773  48.120022  49.163860  50.553026   
05     61.0  49.500140  1.737356  47.293457  48.117852  49.129118  50.527054   
06     60.0  49.522738  1.705456  47.345496  48.215676  49.180520  50.510952   
07     60.0  49.513457  1.678310  47.396993  48.258014  49.220773  50.477976   
08     60.0  49.504353  1.652311  47.445460  48.291186  49.258776  50.400107   
09     60.0  49.495407  1.627457  47.489155  48.248579  49.286647  50.323307   
10     60.0  49.486603  1.603819  47.434145  48.243248  49.271830  50.227800   
11     60.0  49.477947  1.581455  47.368891  48.226572  49.255448  50.204119   
12     60.0  49.469424  1.560376  47.309112  48.198666  49.234421  50.177590   
13     60.0  49.461046  1.540578  47.255710  48.204726  49.214288  50.148312   
14     60.0  49.452871  1.521997  47.209616  48.222522  49.211233  50.106431   
15     60.0  49.444943  1.504589  47.170852  48.210420  49.220286  50.127838   
16     60.0  49.437324  1.488374  47.138889  48.190469  49.211231  50.151301   
17     60.0  49.430047  1.473298  47.113133  48.196255  49.195105  50.163606   
18     60.0  49.423078  1.459309  47.093174  48.218454  49.183217  50.127822   
19     61.0  49.607692  2.069485  47.078735  48.297844  49.183828  50.151473   
20     61.0  49.596289  2.031958  47.069434  48.310845  49.170057  50.227923   
21     61.0  49.585055  1.995375  47.065010  48.296244  49.167575  50.308003   
22     61.0  49.573954  1.959742  47.066455  48.271557  49.163843  50.392278   
23     61.0  49.562952  1.924996  47.074944  48.235919  49.153821  50.480738   

            max  
hist             
00    59.391321  
01    59.059204  
02    58.727691  
03    58.396822  
04    58.066620  
05    57.737072  
06    57.408174  
07    57.079962  
08    56.752431  
09    56.425537  
10    56.099236  
11    55.773515  
12    55.448429  
13    55.124057  
14    54.800458  
15    54.477748  
16    54.156174  
17    53.836217  
18    53.518860  
19    61.059234  
20    60.724818  
21    60.390801  
22    60.057186  
23    59.724002  

japaneast
      count       mean       std        min        25%        50%        75%  \
hist                                                                           
00     61.0  61.849924  7.317513  52.134308  54.797828  57.401063  69.000672   
01     61.0  61.838367  7.317102  52.160540  54.835281  57.467620  68.937426   
02     61.0  61.826759  7.316819  52.196556  54.819347  57.527555  68.963940   
03     61.0  61.815202  7.316756  52.243293  54.778092  57.578376  69.026663   
04     61.0  61.803792  7.316962  52.301213  54.776029  57.617879  69.101242   
05     61.0  61.792596  7.317398  52.369343  54.785072  57.645020  69.185554   
06     61.0  61.781626  7.318059  52.446239  54.687427  57.659475  69.252463   
07     61.0  61.770851  7.318946  52.528828  54.622298  57.660308  69.190294   
08     61.0  61.760162  7.320067  52.613177  54.615868  57.647666  69.157671   
09     61.0  61.749431  7.321473  52.695235  54.674452  57.623374  69.151091   
10     60.0  61.884599  7.294908  52.771708  54.731868  60.075309  69.188912   
11     60.0  61.873621  7.296906  52.841467  54.735664  59.824880  69.154632   
12     60.0  61.862455  7.299107  52.746613  54.694004  59.574836  69.109701   
13     60.0  61.851103  7.301434  52.624554  54.669311  59.326184  69.065553   
14     60.0  61.839622  7.303829  52.513275  54.673313  59.080115  69.026129   
15     60.0  61.828138  7.306247  52.415649  54.715645  58.837237  68.993065   
16     60.0  61.816733  7.308577  52.332697  54.709781  58.596936  69.050163   
17     60.0  61.805423  7.310721  52.263797  54.688238  58.359648  69.126180   
18     60.0  61.794220  7.312599  52.208427  54.689355  58.126888  69.153653   
19     60.0  61.783161  7.314195  52.166317  54.670422  57.900670  69.085716   
20     60.0  61.772209  7.315438  52.136460  54.655469  57.748392  69.112704   
21     60.0  61.761287  7.316256  52.118274  54.667598  57.608707  69.121674   
22     60.0  61.750314  7.316645  52.112184  54.697792  57.482892  69.127404   
23     61.0  61.861369  7.317907  52.117829  54.760382  57.416916  69.065883   

            max  
hist             
00    71.058785  
01    71.044574  
02    71.031597  
03    71.018605  
04    71.005175  
05    70.989877  
06    70.971254  
07    70.948169  
08    70.919778  
09    70.901611  
10    70.949773  
11    70.994099  
12    71.033159  
13    71.065304  
14    71.090947  
15    71.110943  
16    71.124479  
17    71.131936  
18    71.134732  
19    71.132681  
20    71.124432  
21    71.110540  
22    71.093241  
23    71.075338  

germanywestcentral
      count       mean       std        min        25%        50%        75%  \
hist                                                                           
00     61.0  50.740745  2.431816  47.924786  49.344519  50.179018  50.928507   
01     61.0  50.729836  2.404332  47.885747  49.379797  50.199486  50.923123   
02     61.0  50.719152  2.377435  47.845358  49.408555  50.221376  50.907667   
03     60.0  50.742079  2.356501  47.803856  49.363432  50.220988  50.950217   
04     60.0  50.732007  2.330707  47.762709  49.338505  50.148737  50.933034   
05     60.0  50.721971  2.306087  47.723491  49.312116  50.177146  50.911131   
06     60.0  50.712018  2.282703  47.688219  49.310716  50.206406  50.887093   
07     60.0  50.702249  2.260592  47.659124  49.315699  50.175426  50.887816   
08     60.0  50.692777  2.239724  47.638351  49.321266  50.143495  50.862168   
09     60.0  50.683691  2.220042  47.627047  49.294961  50.114124  50.825698   
10     60.0  50.675034  2.201510  47.625442  49.276022  50.130754  50.782194   
11     60.0  50.666787  2.184063  47.631714  49.265274  50.146121  50.759842   
12     60.0  50.658898  2.167639  47.644646  49.292337  50.133890  50.795476   
13     60.0  50.651279  2.152222  47.664019  49.287393  50.134668  50.804923   
14     60.0  50.643742  2.137757  47.690138  49.239079  50.134441  50.808495   
15     60.0  50.636024  2.124137  47.723690  49.208768  50.133888  50.814157   
16     61.0  50.840611  2.672855  47.764661  49.238259  50.133738  51.008617   
17     61.0  50.827221  2.639473  47.812716  49.296826  50.107218  51.064815   
18     61.0  50.813832  2.607249  47.866320  49.278822  50.041665  51.116572   
19     61.0  50.800662  2.576135  47.923209  49.327548  50.080587  51.101279   
20     61.0  50.787862  2.545995  47.981241  49.312682  50.132016  51.061184   
21     61.0  50.775488  2.516670  48.038909  49.246443  50.138019  50.945983   
22     61.0  50.763529  2.487976  48.007762  49.275821  50.147641  50.908089   
23     61.0  50.751955  2.459724  47.964511  49.309107  50.161348  50.923276   

            max  
hist             
00    61.070227  
01    60.748102  
02    60.425002  
03    60.100942  
04    59.775898  
05    59.449845  
06    59.122788  
07    58.794802  
08    58.465985  
09    58.136427  
10    57.806179  
11    57.475295  
12    57.143847  
13    56.811586  
14    56.477388  
15    56.138628  
16    63.607962  
17    63.294468  
18    62.980011  
19    62.664521  
20    62.347941  
21    62.030226  
22    61.711349  
23    61.391329  

westus
      count       mean       std        min        25%        50%        75%  \
hist                                                                           
00     60.0  72.522561  1.338004  69.513288  71.615589  72.486900  73.167312   
01     60.0  72.526976  1.338909  69.486880  71.625624  72.482856  73.184696   
02     60.0  72.531133  1.340017  69.416222  71.702754  72.463916  73.210593   
03     60.0  72.535014  1.341343  69.343269  71.672931  72.457743  73.243325   
04     60.0  72.538690  1.342918  69.268740  71.642082  72.456932  73.257147   
05     60.0  72.542305  1.344763  69.195080  71.624343  72.444070  73.258806   
06     60.0  72.545999  1.346892  69.125307  71.616610  72.403433  73.243479   
07     61.0  72.509342  1.374389  69.062507  71.600292  72.373265  73.230524   
08     61.0  72.513609  1.376063  69.009868  71.631195  72.387811  73.259282   
09     61.0  72.517928  1.378228  68.969891  71.623984  72.395687  73.289721   
10     61.0  72.522278  1.380795  68.943155  71.636668  72.313326  73.277702   
11     61.0  72.526623  1.383726  68.927806  71.648507  72.360806  73.248950   
12     61.0  72.530963  1.387028  68.922172  71.625036  72.406522  73.278227   
13     61.0  72.535343  1.390670  68.926042  71.610913  72.427014  73.311819   
14     61.0  72.539809  1.394595  68.940360  71.648904  72.442745  73.285951   
15     61.0  72.544400  1.398762  68.966337  71.703555  72.445467  73.300660   
16     61.0  72.549110  1.403136  69.003820  71.739940  72.450016  73.330928   
17     61.0  72.553921  1.407664  69.050775  71.656106  72.482293  73.351660   
18     60.0  72.496602  1.337108  69.104950  71.644366  72.489834  73.224469   
19     60.0  72.500335  1.336712  69.165287  71.656832  72.495745  73.188941   
20     60.0  72.504426  1.336468  69.229802  71.661755  72.514004  73.156812   
21     60.0  72.508785  1.336477  69.297409  71.646033  72.527599  73.130008   
22     60.0  72.513335  1.336779  69.367652  71.613853  72.481562  73.121521   
23     60.0  72.517968  1.337306  69.440128  71.619365  72.495046  73.146425   

            max  
hist             
00    75.824232  
01    75.856453  
02    75.884990  
03    75.907877  
04    75.923587  
05    75.932157  
06    75.934235  
07    75.929436  
08    75.917715  
09    75.898734  
10    75.872557  
11    75.840140  
12    75.803219  
13    75.765502  
14    75.793403  
15    75.917190  
16    76.042249  
17    76.168459  
18    75.710764  
19    75.711807  
20    75.720540  
21    75.737653  
22    75.762119  
23    75.791752  

uksouth
      count       mean       std        min        25%        50%        75%  \
hist                                                                           
00     61.0  57.429829  3.577290  54.133430  56.047681  56.375251  57.250450   
01     61.0  57.420397  3.566681  54.101511  56.052982  56.432705  57.244547   
02     60.0  57.466346  3.559339  54.424692  56.067593  56.437676  57.223189   
03     60.0  57.456628  3.548601  54.452447  56.029312  56.445665  57.182453   
04     60.0  57.446532  3.538074  54.484967  56.030353  56.472365  57.218546   
05     60.0  57.436170  3.527787  54.521467  56.019546  56.511430  57.214779   
06     60.0  57.425643  3.517623  54.562935  55.984688  56.544099  57.211166   
07     60.0  57.415029  3.507416  54.610807  55.927667  56.549608  57.214561   
08     60.0  57.404462  3.497159  54.588117  55.897338  56.518860  57.200384   
09     60.0  57.394014  3.486711  54.562185  55.919640  56.490500  57.123771   
10     60.0  57.383641  3.475817  54.535995  55.888173  56.491777  57.121718   
11     60.0  57.373250  3.464329  54.509558  55.859116  56.525472  57.150893   
12     60.0  57.362777  3.452193  54.482867  55.898861  56.559088  57.149204   
13     60.0  57.352207  3.439444  54.455878  55.941833  56.577176  57.262880   
14     60.0  57.341545  3.426205  54.426058  55.983637  56.583132  57.338705   
15     61.0  57.512431  3.669067  54.396641  56.033273  56.587380  57.376311   
16     61.0  57.503018  3.660206  54.372523  56.053480  56.604091  57.296350   
17     61.0  57.493594  3.650930  54.343862  56.026327  56.581761  57.250653   
18     61.0  57.484235  3.641174  54.314809  56.039671  56.595065  57.199243   
19     61.0  57.474982  3.630950  54.285446  56.049649  56.605886  57.223701   
20     61.0  57.465870  3.620369  54.255813  56.057273  56.588849  57.260681   
21     61.0  57.456869  3.609583  54.225882  56.063994  56.504645  57.222283   
22     61.0  57.447927  3.598755  54.195557  56.061478  56.415307  57.219453   
23     61.0  57.438966  3.587994  54.164760  56.039271  56.319633  57.257253   

            max  
hist             
00    70.751423  
01    70.752678  
02    70.751931  
03    70.749171  
04    70.745011  
05    70.739938  
06    70.733672  
07    70.726199  
08    70.717559  
09    70.707669  
10    70.698097  
11    70.690630  
12    70.684483  
13    70.678640  
14    70.672743  
15    70.667177  
16    70.662938  
17    70.659205  
18    70.685509  
19    70.707714  
20    70.723706  
21    70.734714  
22    70.742575  
23    70.748192  

westus2
      count       mean       std        min        25%        50%        75%  \
hist                                                                           
00     60.0  72.855542  1.690790  69.388576  71.371855  73.017518  73.995033   
01     60.0  72.856120  1.691570  69.401838  71.342239  72.994160  73.955538   
02     60.0  72.856432  1.692195  69.413960  71.363411  73.006449  74.030220   
03     60.0  72.856498  1.692461  69.424190  71.416573  73.050502  74.038158   
04     60.0  72.856391  1.692290  69.431704  71.425126  73.095490  74.072387   
05     60.0  72.856193  1.691773  69.436522  71.429334  73.089141  74.117551   
06     60.0  72.856014  1.690968  69.441708  71.430156  73.120707  74.155204   
07     61.0  72.797761  1.736346  69.268659  71.422335  73.083271  74.171503   
08     61.0  72.798489  1.733876  69.268002  71.490623  73.059700  74.202986   
09     61.0  72.799325  1.731284  69.267897  71.560344  73.064802  74.094279   
10     61.0  72.800160  1.728691  69.268472  71.572972  73.090146  74.162022   
11     61.0  72.800920  1.726212  69.269837  71.583904  73.109098  74.105378   
12     61.0  72.801580  1.723912  69.272133  71.592892  73.101321  74.134314   
13     61.0  72.802157  1.721831  69.275502  71.599219  73.044270  74.162472   
14     61.0  72.802710  1.719911  69.280088  71.579688  73.042056  74.186854   
15     61.0  72.803284  1.718145  69.285994  71.560084  73.066739  74.139919   
16     61.0  72.803878  1.716492  69.293267  71.542591  73.094996  74.196886   
17     61.0  72.804494  1.714929  69.301873  71.527769  73.122218  74.223464   
18     60.0  72.849302  1.692703  69.311727  71.521848  73.082330  74.281141   
19     60.0  72.850343  1.691232  69.322692  71.498912  73.036219  74.226008   
20     60.0  72.851471  1.690229  69.334644  71.481585  73.100640  74.178380   
21     60.0  72.852625  1.689725  69.347458  71.438419  73.138511  74.135351   
22     60.0  72.853740  1.689704  69.360935  71.413335  73.090936  74.092460   
23     60.0  72.854731  1.690109  69.374779  71.388721  73.050107  74.036784   

            max  
hist             
00    75.933299  
01    75.917260  
02    75.925298  
03    75.978405  
04    76.025355  
05    76.067033  
06    76.104277  
07    76.137764  
08    76.166976  
09    76.190634  
10    76.207543  
11    76.217486  
12    76.220167  
13    76.215677  
14    76.203873  
15    76.185311  
16    76.160667  
17    76.131180  
18    76.098736  
19    76.065579  
20    76.033606  
21    76.003742  
22    75.976369  
23    75.952651  

