australia-southeast1
      count        mean        std         min         25%         50%  \
hist                                                                     
1       9.0  436.856366  25.040252  409.987049  418.975833  430.807431   
2       9.0  442.170331  20.935233  421.226875  429.005104  431.700302   
3       9.0  440.590604  23.039069  415.107361  426.271736  430.152535   
4       9.0  437.393404  27.639370  396.470729  424.305531  428.987361   
5       9.0  428.003302  46.753498  325.704375  422.695347  426.162986   
6       8.0  428.623312  18.003074  408.576875  412.736536  428.442483   
7       8.0  425.505165  19.881063  408.055451  411.132856  417.034340   

             75%         max  
hist                          
1     463.638333  475.725347  
2     463.084306  479.369410  
3     463.080938  479.388350  
4     447.848576  481.170451  
5     438.541319  501.596076  
6     436.325877  456.944861  
7     434.631224  460.524896  

asia-south1
      count        mean        std         min         25%         50%  \
hist                                                                     
1       9.0  509.717859  33.599214  478.761632  483.972847  488.707326   
2       9.0  508.532006  32.305540  476.136111  486.009549  488.798299   
3       9.0  504.358383  37.149047  467.065521  481.835799  487.491389   
4       9.0  508.414437  35.436264  469.330417  481.683333  491.151215   
5       9.0  499.061416  31.689503  458.917153  480.923437  485.877569   
6       8.0  497.278587  26.561132  473.011498  480.218550  486.190260   
7       8.0  496.418832  28.212743  467.363056  479.488767  485.767413   

             75%         max  
hist                          
1     543.514519  558.203160  
2     544.115347  561.353194  
3     542.801632  565.749444  
4     543.931528  565.072014  
5     519.718542  547.663542  
6     505.204557  541.330660  
7     508.029523  542.189965  

europe-west2
      count        mean        std         min         25%         50%  \
hist                                                                     
1       9.0  505.316747  33.539523  476.551149  482.227126  485.960344   
2       9.0  517.502988  35.097654  487.824577  493.775312  496.548220   
3       9.0  498.186020  53.179352  376.448056  493.360729  493.737292   
4       9.0  487.527216  74.521686  305.215035  489.685614  497.795486   
5       9.0  485.340157  76.929739  298.340668  487.385270  490.473350   
6       8.0  503.230302  32.020999  475.219965  481.566983  490.603254   
7       8.0  485.268724  27.549767  465.463785  469.558950  472.164462   

             75%         max  
hist                          
1     538.328136  566.035741  
2     548.189861  580.052328  
3     518.561224  558.144965  
4     502.313574  564.814994  
5     498.250330  570.508316  
6     512.415391  560.138333  
7     488.566962  531.834062  

asia-northeast1
      count        mean        std         min         25%         50%  \
hist                                                                     
1       9.0  537.656145  44.548795  481.183700  505.649997  524.242306   
2       9.0  538.677080  32.034907  496.838267  515.594859  537.796393   
3       9.0  516.610965  55.304581  386.077233  503.892014  517.102949   
4       9.0  491.333055  69.378439  320.973046  498.843423  503.730907   
5       9.0  492.484895  75.454965  314.002986  488.505661  503.364578   
6       8.0  499.506027  32.478840  454.044722  484.249709  491.643084   
7       8.0  504.245855  27.481671  476.207361  487.163690  490.676629   

             75%         max  
hist                          
1     583.226104  600.346161  
2     549.568479  598.847824  
3     553.137149  573.810723  
4     515.172099  554.541881  
5     503.990389  574.764050  
6     506.605289  554.526656  
7     519.727203  548.792150  

europe-west3
      count        mean        std         min         25%         50%  \
hist                                                                     
1       9.0  486.195279  24.823383  452.722986  465.032812  481.995556   
2       9.0  489.261567  22.967471  444.237647  477.812090  485.478958   
3       9.0  489.842892  30.531858  437.122326  473.062537  482.455066   
4       9.0  488.991457  25.629244  449.695903  474.107650  484.467359   
5       9.0  485.802575  28.737468  442.440417  470.253785  482.535208   
6       8.0  478.209340  27.827944  450.697326  464.058367  468.048420   
7       8.0  474.638644  27.509069  434.981666  459.188785  471.317483   

             75%         max  
hist                          
1     506.755478  523.480370  
2     510.608924  518.022188  
3     511.569171  531.895121  
4     501.264340  532.099167  
5     489.164560  533.371875  
6     483.914818  532.493021  
7     489.230709  520.724444  

northamerica-northeast1
      count        mean        std         min         25%         50%  \
hist                                                                     
1       9.0  468.309518  19.770611  442.954340  456.934028  460.056007   
2       9.0  468.176524  19.576683  449.934271  453.674618  457.660799   
3       9.0  469.062701  18.641445  450.794722  453.458264  460.202882   
4       9.0  463.521527  14.890222  447.445382  452.739653  461.875799   
5       8.0  462.411940  16.061540  443.800382  453.422283  457.441206   
6       8.0  466.156120  18.842926  443.057569  452.231701  462.737552   
7       9.0  463.550365  19.494445  443.629132  451.086840  454.499687   

             75%         max  
hist                          
1     492.717257  494.816458  
2     489.587292  499.749271  
3     488.023333  497.280208  
4     471.777840  493.776771  
5     467.014033  491.623576  
6     482.157187  490.945799  
7     488.329852  489.658785  

southamerica-east1
      count        mean        std         min         25%         50%  \
hist                                                                     
1       9.0  472.437014  30.067810  445.360243  448.590229  462.094391   
2       9.0  452.669815  51.820113  331.559294  443.082922  458.794747   
3       9.0  441.720521  65.822863  276.411493  446.938889  449.047781   
4       9.0  438.374200  66.632889  270.238403  446.123021  447.499826   
5       8.0  460.679288  22.031869  430.683056  449.037205  453.197225   
6       8.0  454.743442  23.714982  429.169340  437.886097  448.349316   
7       9.0  460.454958  27.027019  431.497465  440.509340  452.028826   

             75%         max  
hist                          
1     499.367396  521.870556  
2     469.664653  513.509340  
3     459.591076  505.862257  
4     451.947453  499.684028  
5     474.030638  496.069861  
6     464.290141  498.455625  
7     486.957257  502.538222  

us-east4
      count       mean        std        min        25%        50%        75%  \
hist                                                                            
1       9.0  -5.928284  11.268795 -22.770108 -14.504299  -4.588322   3.139573   
2       9.0  32.569945  12.119366  21.940520  22.277289  26.584274  41.466920   
3       9.0  -3.158693   3.957282  -8.992254  -6.887614  -2.251198  -0.506491   
4       9.0   0.928101   8.534518 -15.403013  -1.369324   2.820927   6.496063   
5       8.0  -0.715165   7.617186 -14.142573  -5.419153   2.735361   5.213136   
6       8.0 -10.261901   2.234361 -12.321246 -11.614319 -11.181540  -9.741619   
7       9.0 -14.097712   5.452094 -22.134978 -17.156329 -13.966368 -10.191933   

            max  
hist             
1      8.697479  
2     52.523654  
3      2.306333  
4      9.939973  
5      5.584831  
6     -5.752331  
7     -5.875067  

us-west2
      count       mean        std        min        25%        50%        75%  \
hist                                                                            
1       9.0   2.808431  21.641607 -21.500004 -12.666067  -2.894965  14.743041   
2       9.0 -15.021442  11.195395 -32.988249 -21.394018 -14.270413  -9.162344   
3       9.0  -8.265591   6.835424 -20.658493 -13.356857  -8.229272  -2.123914   
4       9.0   0.313577   6.179348 -12.023040  -2.116977   2.690968   4.865092   
5       8.0   6.062849   9.849238  -4.843704  -1.969985   4.139772  12.507997   
6       8.0  11.057954  21.732410  -4.132980  -3.584315  -2.095535  21.754721   
7       9.0  -0.918120   2.805717  -6.424350  -1.811769   0.256541   0.322896   

            max  
hist             
1     42.512985  
2      1.552299  
3     -0.328408  
4      5.883347  
5     22.190809  
6     52.327742  
7      2.505752  

us-west4
      count      mean        std        min       25%       50%       75%  \
hist                                                                        
1       9.0  0.673281   0.593721  -0.461300  0.433943  0.750444  1.017449   
2       9.0  2.527447   2.004117   0.139381  0.539437  3.161861  4.399187   
3       9.0  2.989466   4.731525  -3.183459 -0.972366  2.834994  7.080978   
4       9.0  4.056232   5.593799  -2.147083  0.058274  2.005674  5.458042   
5       8.0 -0.929263   3.033510  -5.487195 -2.556641 -1.251848  1.013940   
6       8.0 -7.293342   3.541025 -12.220798 -9.754406 -7.488575 -4.562646   
7       9.0 -0.191530  10.115683 -17.012853 -5.821061  0.350130  6.038489   

            max  
hist             
1      1.545554  
2      4.651364  
3      9.302224  
4     15.441465  
5      3.763934  
6     -2.353809  
7     14.689255  

ap-south-1
      count       mean       std        min        25%        50%        75%  \
hist                                                                           
1       9.0  70.845593  1.490836  69.404593  69.648906  70.026132  72.359642   
2       9.0  70.813228  1.481120  69.441602  69.666225  70.103468  72.466414   
3       9.0  70.779950  1.466892  69.461412  69.688490  70.186362  72.236443   
4       9.0  70.751407  1.451941  69.399357  69.744696  70.190061  71.951635   
5       9.0  70.726901  1.438367  69.348228  69.825616  70.032389  71.674253   
6       8.0  70.738106  1.516809  69.331210  69.790706  69.888805  71.765606   
7       8.0  70.698852  1.497123  69.356007  69.715382  69.906552  71.568710   

            max  
hist             
1     73.107619  
2     73.174328  
3     73.195409  
4     73.183402  
5     73.149347  
6     73.087086  
7     72.988033  

ap-southeast-2
      count       mean       std        min        25%        50%        75%  \
hist                                                                           
1       9.0  71.252735  1.423697  69.493263  70.583710  70.866877  71.097673   
2       9.0  71.194438  1.363160  69.543375  70.601929  70.885552  71.097394   
3       9.0  71.141923  1.291546  69.668762  70.677221  70.883894  71.083275   
4       9.0  71.092286  1.216770  69.735163  70.698459  70.878457  71.035096   
5       9.0  71.044654  1.141106  69.578807  70.732581  70.902831  70.952480   
6       8.0  71.011431  1.138494  69.510391  70.633492  70.856178  71.131676   
7       8.0  70.954062  1.071159  69.491307  70.618514  70.859725  71.008426   

            max  
hist             
1     74.066911  
2     73.955974  
3     73.839196  
4     73.715086  
5     73.582307  
6     73.439551  
7     73.287538  

ca-central-1
      count       mean       std        min        25%        50%        75%  \
hist                                                                           
1       9.0  67.960997  1.225354  66.386876  66.983594  67.878292  69.064655   
2       9.0  67.916943  1.205247  66.390874  67.195620  67.618594  68.969273   
3       9.0  67.863240  1.189241  66.387163  67.337533  67.401735  68.844768   
4       9.0  67.814394  1.177803  66.369584  67.089452  67.607625  68.709262   
5       8.0  67.862493  1.211499  66.361264  66.799082  67.894918  68.722782   
6       8.0  67.831909  1.184212  66.362474  66.709633  67.926842  68.555890   
7       9.0  67.999480  1.244546  66.375452  66.802989  68.115108  69.135706   

            max  
hist             
1     69.619618  
2     69.603937  
3     69.586187  
4     69.566164  
5     69.544943  
6     69.524422  
7     69.633760  

ap-northeast-1
      count       mean       std        min        25%        50%        75%  \
hist                                                                           
1       9.0  69.334684  0.591574  68.163305  69.335477  69.497853  69.713211   
2       9.0  69.343639  0.585767  68.135438  69.157607  69.511585  69.716978   
3       9.0  69.348893  0.584464  68.146698  68.931061  69.536558  69.719055   
4       9.0  69.341553  0.601801  68.163026  68.948559  69.605553  69.718744   
5       9.0  69.337126  0.611411  68.211472  69.036450  69.640778  69.715437   
6       8.0  69.293558  0.631348  68.311041  68.955549  69.578598  69.688144   
7       8.0  69.302860  0.628370  68.250632  69.068489  69.518568  69.715483   

            max  
hist             
1     69.967531  
2     69.945712  
3     69.920435  
4     69.961455  
5     69.978065  
6     69.977841  
7     69.974231  

us-east-1
      count       mean       std        min        25%        50%        75%  \
hist                                                                           
1       9.0  70.397280  1.083693  69.026559  69.577087  70.099063  71.100240   
2       9.0  70.353719  1.045291  69.076860  69.653610  70.040639  70.942704   
3       9.0  70.317125  1.005094  69.149197  69.728515  70.036113  70.774475   
4       9.0  70.285764  0.961295  69.110039  69.801277  70.095801  70.609560   
5       8.0  70.297508  0.973345  69.035219  69.740370  70.172231  70.693013   
6       8.0  70.246508  0.942946  68.992768  69.671896  70.160122  70.569248   
7       9.0  70.444306  1.122970  68.991277  69.626089  70.194127  71.241063   

            max  
hist             
1     72.303972  
2     72.204845  
3     72.107322  
4     72.011774  
5     71.918332  
6     71.827720  
7     72.404147  

eu-west-2
      count       mean       std        min        25%        50%        75%  \
hist                                                                           
1       9.0  67.272559  0.807139  66.203080  66.956783  67.217031  67.559318   
2       9.0  67.296499  0.854978  66.106547  66.899287  67.362747  67.561954   
3       9.0  67.319132  0.901633  66.007681  66.875634  67.395604  67.561789   
4       9.0  67.348997  0.942931  65.962510  66.813452  67.311952  67.616331   
5       9.0  67.383569  0.987110  65.973498  66.779533  67.223688  67.711526   
6       8.0  67.171656  0.767969  66.024890  66.813470  67.042724  67.604379   
7       8.0  67.202306  0.807772  66.104170  66.840794  67.051953  67.618287   

            max  
hist             
1     68.759124  
2     68.889438  
3     69.021266  
4     69.154009  
5     69.285996  
6     68.495709  
7     68.629212  

eu-central-1
      count       mean       std        min        25%        50%        75%  \
hist                                                                           
1       9.0  68.417721  0.728986  67.779840  67.979912  68.260439  68.446416   
2       9.0  68.381765  0.672564  67.742336  67.957775  68.294819  68.441046   
3       9.0  68.349983  0.617800  67.723622  67.928417  68.327132  68.445589   
4       9.0  68.320211  0.566328  67.720907  67.926493  68.364475  68.445180   
5       9.0  68.292666  0.518633  67.727377  67.935611  68.284774  68.417665   
6       8.0  68.251541  0.503362  67.737895  67.921051  68.129177  68.444020   
7       8.0  68.231634  0.456309  67.763054  67.925589  68.122459  68.450663   

            max  
hist             
1     70.072787  
2     69.932040  
3     69.786008  
4     69.635368  
5     69.480887  
6     69.322968  
7     69.161679  

sa-east-1
      count       mean       std        min        25%        50%        75%  \
hist                                                                           
1       9.0  65.901354  0.778117  65.116002  65.447256  65.608681  66.145002   
2       9.0  65.857670  0.731919  65.066614  65.401591  65.542957  66.113392   
3       9.0  65.817419  0.686746  65.029771  65.327889  65.562356  66.049057   
4       9.0  65.781998  0.641598  65.009242  65.392452  65.610736  66.028549   
5       8.0  65.791546  0.620671  65.042323  65.327054  65.755759  66.065868   
6       8.0  65.756773  0.576273  65.085939  65.299560  65.703834  66.041350   
7       9.0  65.943842  0.826015  65.136671  65.378305  65.655088  66.128712   

            max  
hist             
1     67.561017  
2     67.426341  
3     67.288929  
4     67.149699  
5     67.010006  
6     66.871170  
7     67.692834  

us-west-2
      count       mean       std        min        25%        50%        75%  \
hist                                                                           
1       9.0  70.526874  1.104881  69.447372  69.845915  70.105447  71.059007   
2       9.0  70.453458  1.037822  69.372268  69.794789  70.016019  70.945400   
3       9.0  70.377123  0.976613  69.294671  69.751852  70.013671  70.839184   
4       9.0  70.298638  0.917486  69.214489  69.657414  69.990500  70.730203   
5       8.0  70.364743  0.814763  69.570650  69.710418  70.187099  70.721694   
6       8.0  70.316493  0.757468  69.508106  69.757883  70.194629  70.635371   
7       9.0  70.597973  1.179550  69.479355  69.893626  70.291196  71.113412   

            max  
hist             
1     72.949303  
2     72.694748  
3     72.437234  
4     72.176669  
5     71.913009  
6     71.646039  
7     73.200839  

us-west-1
      count       mean       std        min        25%        50%        75%  \
hist                                                                           
1       9.0  69.548212  1.146788  68.001000  68.668579  69.225862  70.831979   
2       9.0  69.530406  1.138806  67.976123  68.559270  69.411780  70.771347   
3       9.0  69.504700  1.141696  67.992294  68.456498  69.529003  70.699504   
4       9.0  69.483200  1.139253  68.062586  68.490883  69.305928  70.607924   
5       8.0  69.416586  1.184263  68.182350  68.561836  68.942170  70.592601   
6       8.0  69.398245  1.150849  68.133651  68.630499  68.895177  70.465534   
7       9.0  69.559191  1.167634  68.059589  68.695016  69.042364  70.878017   

            max  
hist             
1     70.954873  
2     70.952598  
3     70.956662  
4     70.959812  
5     70.962525  
6     70.966151  
7     70.970743  

brazilsouth
      count       mean       std        min        25%        50%        75%  \
hist                                                                           
1       9.0  57.711649  2.426633  55.678543  56.349659  56.927188  58.033577   
2       9.0  57.597221  2.181690  55.665339  56.223891  56.944807  58.249314   
3       9.0  57.491899  1.955406  55.667974  56.331389  56.949802  57.736424   
4       9.0  57.402513  1.753546  55.704068  56.466115  56.955971  57.210366   
5       8.0  57.140622  1.571082  55.772892  56.433551  56.838053  57.068213   
6       8.0  57.069694  1.358448  55.807550  56.412393  56.810840  57.116209   
7       9.0  57.828231  2.685755  55.716443  56.475704  56.895102  57.821363   

            max  
hist             
1     63.640715  
2     62.916830  
3     62.199808  
4     61.490799  
5     60.791124  
6     60.102782  
7     64.370225  

australiaeast
      count       mean       std        min        25%        50%        75%  \
hist                                                                           
1       9.0  70.342657  2.472007  66.690425  67.993466  71.030771  72.515816   
2       9.0  70.246881  2.504198  66.660509  67.812090  70.629146  72.582121   
3       9.0  70.146564  2.523505  66.649290  67.982189  70.212493  72.646859   
4       9.0  70.038847  2.543981  66.656299  68.176917  69.807455  72.541255   
5       9.0  69.944515  2.553768  66.678986  68.039994  69.707760  72.310467   
6       8.0  70.262901  2.415694  66.800599  68.198710  70.684742  72.281083   
7       8.0  70.174203  2.456741  66.738461  68.093774  70.418278  72.195906   

            max  
hist             
1     73.103612  
2     73.074359  
3     72.946362  
4     72.715345  
5     72.765092  
6     72.851752  
7     73.034940  

eastus
      count       mean       std        min        25%        50%        75%  \
hist                                                                           
1       9.0  73.222836  0.239034  72.831170  73.116333  73.312002  73.386680   
2       9.0  73.233069  0.244698  72.831597  73.156459  73.330778  73.427774   
3       9.0  73.249045  0.243682  72.868798  73.119539  73.291563  73.411207   
4       9.0  73.270330  0.236884  72.957521  73.077342  73.269752  73.378474   
5       8.0  73.239766  0.188128  73.000407  73.050992  73.287517  73.356176   
6       8.0  73.252607  0.177260  72.990403  73.116564  73.295505  73.373418   
7       9.0  73.211548  0.233947  72.789189  73.082635  73.285538  73.404613   

            max  
hist             
1     73.466824  
2     73.506474  
3     73.535264  
4     73.620119  
5     73.522205  
6     73.480428  
7     73.456401  

centralindia
      count       mean       std        min        25%        50%        75%  \
hist                                                                           
1       9.0  49.350902  0.852593  48.265979  48.940462  49.397214  49.675184   
2       9.0  49.313079  0.839245  48.301715  48.858099  49.210663  49.565290   
3       9.0  49.276443  0.844735  48.267557  48.773069  49.116798  49.457877   
4       9.0  49.244203  0.864133  48.233496  48.663094  49.185343  49.521718   
5       9.0  49.216122  0.895537  48.213623  48.523325  49.248280  49.654373   
6       8.0  49.319999  0.898351  48.217076  48.606419  49.235671  49.854079   
7       8.0  49.323252  0.906439  48.237581  48.698731  49.211863  49.798312   

            max  
hist             
1     50.947804  
2     50.784328  
3     50.621638  
4     50.690760  
5     50.820104  
6     50.924558  
7     50.998781  

uksouth
      count       mean       std        min        25%        50%        75%  \
hist                                                                           
1       9.0  58.775018  4.760676  56.014494  56.308121  56.930202  57.082836   
2       9.0  58.500256  4.343136  55.811461  56.358683  56.907660  56.988851   
3       9.0  58.212442  3.931765  55.605401  56.406811  56.781411  56.976378   
4       9.0  57.889298  3.527070  55.396229  56.452483  56.753791  57.011368   
5       9.0  57.582781  3.166006  55.184121  56.410706  56.604984  57.055852   
6       8.0  57.688260  2.870874  56.201085  56.373100  56.707159  57.170651   
7       8.0  57.510566  2.496968  56.150311  56.243826  56.757354  57.134347   

            max  
hist             
1     70.310044  
2     69.188778  
3     68.068179  
4     66.948991  
5     65.831792  
6     64.716647  
7     63.603604  

germanywestcentral
      count       mean       std        min        25%        50%        75%  \
hist                                                                           
1       9.0  50.729876  1.184603  49.098785  50.222390  50.607883  51.237778   
2       9.0  50.737538  1.312866  49.141468  49.580089  50.598200  51.272776   
3       9.0  50.773548  1.539795  48.770987  49.703650  50.637082  51.334818   
4       9.0  50.708045  1.586735  48.050978  49.832934  50.684091  51.405948   
5       9.0  50.610102  1.645691  47.334667  49.978275  50.717656  51.471361   
6       8.0  50.989927  1.077169  49.344341  50.424779  50.890067  51.582218   
7       8.0  50.959754  1.038642  49.403113  50.484468  50.822970  51.291545   

            max  
hist             
1     53.014016  
2     53.266579  
3     53.753101  
4     53.295083  
5     52.706990  
6     52.883244  
7     52.950402  

japaneast
      count       mean       std        min        25%        50%        75%  \
hist                                                                           
1       9.0  62.071684  7.225214  53.752781  55.212432  62.388315  69.059485   
2       9.0  61.863304  7.303212  53.489251  55.106188  61.196569  68.972018   
3       9.0  61.612455  7.354267  53.226437  54.989361  59.813946  68.925790   
4       9.0  61.310442  7.322677  52.966434  54.813060  58.742268  68.905865   
5       9.0  61.015458  7.299369  52.711036  54.656671  57.854925  68.906268   
6       8.0  61.750946  7.074378  54.288313  55.162093  60.927309  69.030959   
7       8.0  61.450404  7.114746  54.017196  55.156896  59.867311  69.018120   

            max  
hist             
1     69.712456  
2     69.697920  
3     69.665478  
4     69.604240  
5     69.520489  
6     69.593753  
7     69.660588  

westus
      count       mean       std        min        25%        50%        75%  \
hist                                                                           
1       9.0  72.575350  0.883021  71.215642  72.198542  72.594900  73.024775   
2       9.0  72.635337  0.908441  71.243427  72.299844  72.558854  73.130222   
3       9.0  72.693224  0.940899  71.274878  72.379868  72.651274  73.211471   
4       9.0  72.756589  0.979235  71.310053  72.275867  72.707479  73.271654   
5       8.0  72.570813  0.712399  71.349803  72.156812  72.668607  72.900954   
6       8.0  72.627359  0.730075  71.393520  72.172533  72.698883  72.955443   
7       9.0  72.516896  0.861983  71.191047  72.144209  72.676945  72.926094   

            max  
hist             
1     74.118304  
2     74.308564  
3     74.501872  
4     74.698464  
5     73.584158  
6     73.752398  
7     73.932094  

westus2
      count       mean       std        min        25%        50%        75%  \
hist                                                                           
1       9.0  72.882985  1.369000  70.726838  72.445205  73.067077  74.004083   
2       9.0  72.867221  1.374903  70.677484  72.377198  72.930232  73.970913   
3       9.0  72.846896  1.394997  70.623245  71.975919  73.198472  73.914144   
4       9.0  72.822884  1.428808  70.564370  71.616657  73.546198  73.842397   
5       8.0  73.073782  1.290351  70.854263  72.474584  73.776790  73.913428   
6       8.0  73.038270  1.356909  70.813768  72.472509  73.528288  74.082977   
7       9.0  72.893685  1.369868  70.771849  72.042814  73.181019  74.025055   

            max  
hist             
1     74.518921  
2     74.444721  
3     74.307696  
4     74.167286  
5     74.102347  
6     74.192864  
7     74.493966  

