asia-south1
      count       mean        std        min        25%        50%        75%  \
hist                                                                            
00     61.0 -15.861924   5.657228 -30.751981 -19.304136 -15.381679 -13.053770   
01     61.0 -23.112481   6.263099 -36.307351 -28.245313 -22.632800 -18.411255   
02     61.0 -25.067538  10.258388 -45.899980 -33.408430 -24.683039 -17.724667   
03     61.0 -33.440870   9.093371 -50.618512 -41.214340 -33.621423 -27.217049   
04     61.0 -32.994237  10.117430 -51.474813 -40.794757 -32.673701 -24.814268   
05     61.0 -33.065829   8.691249 -49.448730 -39.802504 -33.796350 -26.340047   
06     60.0 -11.804621  10.774384 -33.018781 -19.654855 -12.443667  -4.428043   
07     60.0  -6.455202   6.624706 -20.323286 -10.790627  -6.754164  -2.248616   
08     60.0   7.945092   9.263348 -12.770955   1.647836   6.374960  11.677085   
09     60.0   3.823548   6.834597 -11.567851  -1.442596   4.126645   8.844553   
10     60.0   8.494263  10.432215  -8.251150   0.833279   7.588558  12.641934   
11     60.0   9.563747   7.066039  -1.567804   3.073828   8.702258  15.287096   
12     60.0   9.932279   8.309844 -10.038007   4.369957  10.887040  13.180364   
13     60.0  17.127147   6.793030   3.211120  11.718788  17.595525  21.962804   
14     60.0  14.147911   6.696407   3.969321   9.240471  12.688439  17.221145   
15     60.0  10.701778   9.372696 -17.228524   6.906300  12.750567  16.388508   
16     60.0  17.315934   6.642078   7.926367  11.488782  15.599469  22.753243   
17     60.0  17.299919   9.537367  -2.598860  12.304267  16.439315  22.887612   
18     60.0  10.613653   8.411776  -7.472182   5.481120  10.653447  16.364717   
19     61.0   6.241729  12.816756 -14.376026  -2.437571   3.928370  11.847381   
20     61.0  19.307211  16.029106  -8.279182   6.907289  17.061870  27.999044   
21     61.0  16.934921  10.562851  -1.125753   7.534310  16.512707  23.000418   
22     61.0  13.792282   9.744288  -5.630657   7.432356  11.837124  21.017932   
23     61.0  -2.021798   3.798855  -9.430289  -4.644671  -2.308180   0.481249   

            max  
hist             
00    -3.924795  
01    -9.767549  
02    -0.294951  
03   -16.114421  
04    -6.595115  
05   -13.543397  
06     7.794919  
07     9.661554  
08    37.275401  
09    16.895205  
10    33.716433  
11    21.920361  
12    30.810258  
13    32.170754  
14    36.634588  
15    27.777568  
16    30.417615  
17    38.665633  
18    36.915270  
19    38.613087  
20    59.553954  
21    39.140060  
22    31.948991  
23     7.929857  

asia-northeast1
      count       mean        std        min        25%        50%        75%  \
hist                                                                            
00     61.0  22.847779  29.145100 -22.767614   5.208362  14.612109  31.583496   
01     61.0 -19.535582   9.571888 -39.481212 -26.021469 -18.360915 -12.574277   
02     61.0 -34.201100  14.388179 -71.072567 -46.893581 -32.300757 -21.763273   
03     61.0 -33.420280  13.621608 -58.615043 -44.643260 -31.726622 -25.151268   
04     61.0 -44.536142  13.356381 -72.263668 -52.694700 -42.583866 -34.620906   
05     61.0 -45.381935  10.863500 -68.050260 -51.522326 -44.100879 -38.416842   
06     61.0 -33.952343  16.737085 -68.453702 -46.683663 -31.872729 -21.787908   
07     61.0 -29.406073  13.681072 -57.324837 -35.707793 -26.857278 -21.245175   
08     61.0 -24.363734  10.395243 -40.063434 -33.249992 -25.284085 -18.354061   
09     61.0  -3.134712   9.298686 -20.583646 -10.657344  -2.262014   2.158336   
10     60.0  28.370018  11.410118  12.839515  18.518773  28.528530  36.083037   
11     60.0  21.801352  11.727752  -2.424617  14.380545  22.498374  29.373491   
12     60.0  57.193617  66.025182 -14.645354  17.442888  31.691575  69.872912   
13     60.0  37.246774  27.690766  -6.864183  15.805570  30.137242  59.968281   
14     60.0   4.750421  10.038202 -17.675591  -3.060122   3.429232  11.302567   
15     60.0  17.071936  15.963240 -19.689816  10.038380  14.586646  23.761078   
16     60.0  39.381050  27.024309   8.209369  20.339592  28.918470  47.389215   
17     60.0  25.532928  12.857489 -10.920953  17.868176  26.041857  34.143786   
18     60.0  22.374507  17.192712 -13.436229  11.826814  22.791501  29.810587   
19     60.0   3.796246  14.389389 -50.499867  -4.018748   6.464629  13.825375   
20     60.0   2.770105  13.600270 -35.836042  -6.926897  -0.671907  12.054297   
21     60.0  -1.769667  12.064277 -39.271826  -7.473321  -2.575936   3.742342   
22     60.0  -3.072501  11.447247 -25.931964 -11.083198  -4.893798   6.339648   
23     61.0  -9.407773   9.548366 -35.667688 -16.004692  -8.551042  -2.389250   

             max  
hist              
00    115.052003  
01      1.057465  
02    -11.714640  
03      3.836145  
04    -19.010680  
05    -25.409007  
06     -2.356236  
07     -2.355251  
08      3.782554  
09     18.726695  
10     49.768618  
11     53.097543  
12    270.777788  
13    100.319584  
14     26.182677  
15     58.959986  
16    105.691802  
17     48.699725  
18     90.234518  
19     24.529639  
20     32.092833  
21     21.209054  
22     18.247130  
23      9.363209  

europe-west2
      count       mean        std        min        25%        50%        75%  \
hist                                                                            
00     61.0  -5.124408   7.489779 -19.263830 -11.498545  -3.524119   0.932852   
01     61.0 -11.762429   9.621546 -38.663112 -15.983640 -10.887203  -5.737268   
02     60.0  -8.317332   6.443473 -25.869840 -11.792549  -8.563379  -4.684142   
03     60.0 -14.135347   9.646723 -38.025447 -20.158043 -13.032467  -8.614806   
04     60.0  -8.008435   6.912399 -21.499629 -12.295905  -7.944245  -3.775987   
05     60.0 -16.850182   6.223177 -29.339457 -21.261197 -17.515064 -13.119153   
06     60.0 -15.379262   9.539886 -42.059315 -21.356889 -14.087156  -8.058923   
07     60.0  -2.166582   9.342032 -16.934662  -8.657193  -4.203298   2.964130   
08     60.0   0.987377   9.371889 -15.864035  -6.259717   1.369216   7.854879   
09     60.0  15.842827  12.402133  -5.155369   6.452278  15.497040  25.817112   
10     60.0  14.750570   8.294171  -2.498071  10.115304  13.068224  19.705987   
11     60.0  11.759339   8.998498  -6.875042   4.819870  11.400045  17.595818   
12     60.0  10.728346   7.538129 -10.138597   6.797251  11.085296  15.766113   
13     60.0  10.159225   7.809716  -5.218129   5.228293  11.086692  12.988110   
14     60.0  13.137254  11.392336  -4.203042   5.698195   9.732999  18.219995   
15     61.0   7.831349   7.393895  -7.381679   3.367582   8.686409  12.321150   
16     61.0   9.287983  10.340903 -24.301249   3.679337  10.389855  16.938086   
17     61.0   7.393161   9.308354 -10.404246   1.628903   6.199556  11.267037   
18     61.0   0.418283   8.507894 -16.455043  -5.702406  -0.301106   7.465212   
19     61.0   0.506687   6.697452 -20.788466  -2.535096   1.180914   4.605042   
20     61.0   2.105424   8.555149 -36.834805  -1.231172   3.314250   7.465155   
21     61.0  -6.988097   5.922243 -22.069769 -10.244841  -6.829451  -4.434394   
22     61.0  -6.963511   6.602986 -32.130500  -9.365620  -5.982331  -2.561245   
23     61.0 -10.834506   6.201605 -23.332405 -13.928505 -10.820307  -6.596012   

            max  
hist             
00    11.217320  
01     5.755527  
02    11.452919  
03     9.446934  
04     9.848705  
05    -4.344301  
06     2.615700  
07    20.813333  
08    26.287916  
09    39.088652  
10    44.745048  
11    34.064602  
12    30.932539  
13    41.720738  
14    50.593979  
15    23.882909  
16    24.672614  
17    43.449425  
18    14.664908  
19    13.886137  
20    13.295761  
21     5.671186  
22     4.427584  
23     2.849333  

australia-southeast1
      count      mean        std        min        25%       50%        75%  \
hist                                                                          
00     61.0 -2.137872   9.827425 -13.758408  -7.128497 -3.901815  -1.050999   
01     61.0 -6.064064  10.597450 -22.290998 -10.506694 -7.164505  -3.303702   
02     61.0 -7.293500   5.882585 -21.184481 -10.950921 -7.388210  -2.917229   
03     61.0 -7.171171  11.940995 -24.793442 -12.375715 -9.187223  -4.548747   
04     61.0 -8.017769   4.782409 -19.511837 -11.592696 -7.466718  -3.814268   
05     61.0 -5.023702   9.191295 -49.182434  -6.769772 -3.595112   0.641257   
06     61.0 -2.606345   9.882999 -42.657469  -6.139064 -0.829148   4.028431   
07     61.0 -8.043188   8.354555 -42.500888 -11.282996 -7.513344  -3.088987   
08     61.0 -5.921967   7.517209 -40.151709  -8.959937 -5.752929  -1.506466   
09     61.0 -1.594541   7.081247 -38.312766  -3.074728 -1.043767   1.846789   
10     61.0  0.978768   9.326493 -31.761499  -3.792700  2.122587   8.340476   
11     60.0  8.718373   9.219035 -10.509495   2.475562  5.944820  15.116955   
12     60.0  7.104080   7.766240  -6.740419   0.548658  8.073794  12.194475   
13     60.0  2.568285   5.631377  -5.694287  -1.991181  2.283576   6.740491   
14     60.0  3.861461   7.871083  -7.949688  -2.320060  1.788511   8.336745   
15     60.0  4.136283   9.156065 -20.239639  -3.088577  4.219192  10.678921   
16     60.0  8.177488   7.771974  -8.212192   3.475238  6.844707  11.770313   
17     60.0  3.632711  10.811260 -39.281760  -0.853782  6.193645  10.452206   
18     60.0  1.805263   8.410437 -35.316991  -1.273942  4.489003   6.272316   
19     60.0  0.333126   6.286515 -16.492524  -4.249300 -0.183509   4.655138   
20     60.0 -0.236941   8.102046 -22.317991  -5.677636 -0.008236   6.417198   
21     60.0  4.680005   8.419725  -9.268673  -0.593687  3.903579   7.200009   
22     60.0  5.333626   8.500117 -10.217469   1.612822  5.426926   8.690224   
23     60.0  1.149084  11.649274 -25.266906  -3.259345  1.657067   5.845678   

            max  
hist             
00    46.885589  
01    46.020842  
02     3.007032  
03    50.148012  
04     0.433325  
05     4.182392  
06     9.784729  
07     7.009996  
08     9.838222  
09     9.637599  
10    15.773973  
11    32.233933  
12    25.688584  
13    25.089021  
14    26.947791  
15    21.446300  
16    28.668885  
17    18.410374  
18    15.317673  
19    14.088884  
20    12.290562  
21    41.890898  
22    41.003725  
23    43.820891  

northamerica-northeast1
      count      mean       std        min       25%       50%        75%  \
hist                                                                        
00     60.0 -1.668657  6.105192 -14.349465 -5.023597 -0.155402   2.568818   
01     60.0 -0.177951  2.911270  -6.839835 -2.322338 -0.791631   2.150611   
02     60.0 -1.587586  4.532819 -11.436552 -4.098963 -1.738727   0.711250   
03     60.0 -2.890024  6.047687 -14.002659 -7.808619 -3.451086   2.394205   
04     60.0 -3.271432  3.656838 -10.611967 -4.978296 -3.757081  -1.113777   
05     60.0 -5.615908  4.799625 -23.488778 -8.123183 -4.419778  -2.470355   
06     60.0 -2.737940  4.510464 -11.265973 -5.860975 -3.037977  -0.298000   
07     60.0 -4.520730  6.058561 -15.240931 -9.207242 -5.531778  -0.267645   
08     60.0  0.042002  3.956233  -7.220309 -2.503497  0.237510   3.141628   
09     60.0  0.534585  4.504643  -5.734526 -2.865470 -0.296702   2.397298   
10     61.0  4.453620  4.756826  -7.874292  2.305045  4.197526   7.326462   
11     61.0  2.165564  4.326064  -4.703517 -1.175933  1.386571   4.166399   
12     61.0  7.142344  5.609340  -4.118789  2.398485  6.786961  10.754430   
13     61.0  3.601019  6.863158  -9.291677  1.427145  2.825643   4.983545   
14     61.0  2.626506  5.773563  -9.260457 -0.119239  1.928392   4.732995   
15     61.0  4.407294  5.360790  -4.871689 -0.108185  3.418961   8.778560   
16     61.0  1.371135  4.208055 -11.433198 -1.367993  1.809962   3.683895   
17     61.0  4.365968  5.640691  -6.856475  0.638554  3.964339   8.659999   
18     61.0  0.934534  4.730727  -9.384036 -2.900956  1.840656   4.177119   
19     61.0 -1.354559  4.492116  -8.309405 -4.141104 -1.671539   1.138125   
20     61.0 -0.742384  5.778663 -17.290535 -3.172047 -0.055573   2.908003   
21     60.0 -2.966704  4.720658 -10.415928 -7.322448 -2.877688   0.660999   
22     60.0 -1.323294  4.989156 -15.256696 -4.469644 -1.371088   2.656487   
23     60.0 -3.277911  4.666069 -11.227629 -6.112386 -4.077932  -0.505394   

            max  
hist             
00     9.619785  
01     5.783576  
02     8.420867  
03     8.460399  
04     6.390265  
05     1.420442  
06     8.664936  
07     9.085566  
08     7.715586  
09    10.660967  
10    16.128009  
11    15.868033  
12    18.824331  
13    29.559172  
14    22.095418  
15    18.340516  
16    13.523808  
17    14.507701  
18    12.472643  
19    11.503895  
20    10.073901  
21     5.871680  
22     7.367406  
23    10.207443  

europe-west3
      count       mean        std        min        25%        50%        75%  \
hist                                                                            
00     61.0  -3.966692  10.008065 -22.435081 -10.684978  -5.100508   2.074100   
01     61.0  -9.585139   8.795947 -29.803747 -14.755774  -9.751967  -3.989801   
02     61.0 -13.061154   8.188359 -30.774720 -17.577907 -13.337977  -9.471654   
03     60.0 -19.646311   9.530684 -37.031486 -27.587280 -19.705544 -15.014803   
04     60.0  -7.688935  10.874737 -32.625046 -14.145525  -8.662816   0.438308   
05     60.0 -17.354223   7.905109 -34.073002 -22.694690 -17.495865 -11.833319   
06     60.0 -15.899119  10.646168 -39.725729 -22.489337 -13.044079  -6.436817   
07     60.0 -17.087671  11.243808 -46.995686 -22.207859 -14.186995  -8.981870   
08     60.0  -3.973789   6.796997 -19.507326  -7.969762  -3.738191   1.182219   
09     60.0  -2.572359   9.159509 -20.895054  -9.309579  -3.203673   2.841912   
10     60.0   2.977427   8.796461 -15.949452  -1.375169   2.704649   7.806688   
11     60.0   5.249762  11.645144 -17.097978  -2.780026   5.193886  12.168053   
12     60.0  12.648031  10.069379 -13.269993   5.909381  11.969917  21.465781   
13     60.0  13.095042  10.007880  -3.542904   5.091255  12.871641  19.326111   
14     60.0  15.992255  10.872615  -1.710120   7.903850  14.401706  25.829028   
15     60.0  10.298201   9.327425 -16.357150   4.352867  10.759026  17.370333   
16     61.0  13.084411   9.361422  -3.372888   6.242773  11.073436  22.444254   
17     61.0  10.161602   7.417025 -10.856784   6.621805  11.479861  14.179673   
18     61.0  10.200850   8.869130  -8.555307   2.772212   8.873485  15.332169   
19     61.0   8.089937   7.666597 -10.823315   4.069027   9.238361  12.766557   
20     61.0   9.822102  10.019201  -6.499305   1.725019   9.096580  17.255059   
21     61.0   3.300900  11.592184 -36.165176  -1.176032   5.545723   9.860617   
22     61.0  -1.856779   8.357459 -15.437915  -8.708024  -1.795401   3.317623   
23     61.0  -1.925631   8.383556 -16.512782  -7.631689  -2.389004   3.850215   

            max  
hist             
00    19.579123  
01     8.655582  
02     6.638000  
03     3.454737  
04    12.046304  
05    -0.320782  
06    -1.337373  
07    -1.399475  
08     7.578174  
09    18.242418  
10    30.670012  
11    28.546196  
12    34.462994  
13    37.813217  
14    44.523209  
15    29.692916  
16    29.218485  
17    23.358991  
18    29.346941  
19    23.013430  
20    34.572782  
21    29.622895  
22    15.565737  
23    17.160280  

us-east4
      count       mean        std        min        25%        50%        75%  \
hist                                                                            
00     60.0  -7.001888  10.077454 -24.145578 -14.760247 -10.100617   0.122528   
01     60.0  -0.008906  10.337350 -20.249919  -7.523079  -1.489564   6.428904   
02     60.0 -12.373161  13.821544 -46.015930 -19.660260 -13.020680  -4.975029   
03     60.0 -14.001777  10.713397 -34.588634 -23.318855 -11.733408  -4.850063   
04     60.0  -6.998315  11.815890 -29.034815 -16.263048  -8.384119   0.521758   
05     60.0 -13.081239  13.774340 -30.321228 -22.419066 -17.519866  -6.117296   
06     60.0  -8.184560  12.287561 -31.197180 -15.769279  -9.308566  -3.275441   
07     60.0  -9.303790  12.348645 -31.530196 -19.211647  -9.984702  -2.429271   
08     60.0  -7.790273  11.450774 -26.414206 -17.938506  -6.543297   1.440998   
09     60.0   4.403791  11.795444 -15.362412  -4.685470   4.579877  10.996128   
10     61.0   3.348054  11.152002 -16.422335  -4.324153   2.032926  10.926123   
11     61.0   8.057789  13.328714 -19.982729  -1.504205   9.524744  18.740749   
12     61.0  16.304628  10.215928  -3.627111   8.737737  15.133518  24.883910   
13     61.0  10.854786  10.038233 -22.011169   5.142242  10.090486  13.833257   
14     61.0  21.418669  10.755354  -1.730186  13.101524  21.237734  29.881105   
15     61.0   8.182762  10.882487 -11.291789   0.572577   7.518398  13.432270   
16     61.0   5.820808  12.218216 -19.142451  -1.029590   5.408723  12.510066   
17     61.0  14.242154  11.631235 -13.373706   8.393478  12.658648  21.469639   
18     61.0   2.809754  14.180271 -26.694278  -6.111439   0.180602  10.043294   
19     61.0  -3.137139   6.035699 -20.083753  -6.469191  -3.037021   1.120169   
20     61.0  -5.437783   7.080995 -24.286780  -9.796920  -5.477433  -0.104453   
21     60.0  -0.062664   7.874587 -19.067368  -4.539166  -0.662375   3.014258   
22     60.0  -5.166018  10.982345 -24.756326 -13.674666  -6.998142   1.123771   
23     60.0  -4.234626   9.208646 -26.646760 -10.391986  -5.524743   3.504791   

            max  
hist             
00    15.670113  
01    19.774653  
02    17.332809  
03     6.212347  
04    21.618126  
05    40.865976  
06    30.610643  
07    20.529421  
08    17.835038  
09    33.261549  
10    24.751201  
11    30.982102  
12    36.825126  
13    38.639324  
14    40.857588  
15    45.260631  
16    30.380441  
17    43.943569  
18    38.875962  
19    10.318306  
20     7.835307  
21    20.347953  
22    23.454579  
23    11.779088  

southamerica-east1
      count       mean        std        min        25%        50%        75%  \
hist                                                                            
00     60.0  -5.185899   9.555006 -22.254243 -12.207708  -5.425062   4.500612   
01     60.0 -11.579638   7.982413 -35.789118 -16.405282 -12.252654  -7.647931   
02     60.0  -7.871060   6.980114 -20.347702 -14.304409  -6.399521  -3.080690   
03     60.0  -9.728158   6.684760 -21.314806 -14.738377 -11.016335  -5.585336   
04     60.0 -12.717810   7.090257 -25.448236 -17.077183 -13.415728  -9.435804   
05     60.0 -14.821155   7.591254 -34.751294 -17.459560 -14.566903  -9.879974   
06     60.0 -14.970461   8.026624 -30.279251 -20.922446 -14.951480 -10.790879   
07     60.0 -14.721428   6.537736 -24.979148 -20.880443 -14.584680 -10.528633   
08     60.0  -4.042861   6.295456 -21.700075  -8.735426  -4.025802  -0.017111   
09     60.0   0.834790   6.720914  -8.437502  -4.824189  -0.245875   5.552418   
10     60.0  14.262267   8.034637  -1.004453   9.228429  13.288661  16.715173   
11     61.0  15.057255  10.258619  -0.658865   7.475601  13.980990  21.919283   
12     61.0  15.395182   9.299591  -1.825996   8.547210  14.847118  21.211228   
13     61.0  12.506322   6.858510  -3.123221   8.140108  13.633888  17.590512   
14     61.0   9.425064   7.757987  -3.779742   3.222963   8.314543  15.583395   
15     61.0   7.541585   8.307561 -12.741556   3.183334   6.491664  12.575716   
16     61.0  11.805930  10.063736  -7.467829   6.612951  12.003052  15.654518   
17     61.0   5.912894   7.275418 -12.866613   1.064184   5.426592  10.615511   
18     61.0   7.738941   5.489002  -7.639628   4.940233   7.920565  12.523287   
19     61.0   1.833732   6.936708 -13.318135  -2.684226   1.880126   5.272921   
20     61.0   2.956153   5.546090 -11.147236  -0.075320   3.171981   5.852245   
21     61.0  -0.319625   6.199468 -11.401368  -4.256790  -0.492660   3.379447   
22     60.0  -0.481438   6.159982 -17.008008  -4.078721  -0.776814   2.564040   
23     60.0  -8.719906   7.657312 -27.436493 -14.288233  -7.924692  -3.196155   

            max  
hist             
00    11.460119  
01     5.440958  
02     6.431104  
03     6.502510  
04     5.106970  
05    -0.612793  
06     2.525451  
07    -1.674913  
08     7.494403  
09    18.841581  
10    43.229619  
11    44.831029  
12    39.114452  
13    27.984278  
14    25.866697  
15    29.248756  
16    41.845196  
17    19.348828  
18    16.558145  
19    21.351851  
20    15.702814  
21    14.832911  
22    11.225028  
23     9.029604  

us-west4
      count      mean       std        min       25%       50%       75%  \
hist                                                                       
00     60.0 -2.558640  5.224047 -13.900604 -6.758936 -1.910929  0.437992   
01     60.0  0.266112  6.587504 -12.492143 -3.982101 -1.295864  7.217972   
02     60.0  5.304118  7.116702  -6.606385  1.359583  2.966680  8.787992   
03     60.0 -2.230562  5.679174 -14.148570 -5.741426 -2.835150  2.142146   
04     60.0 -0.850792  4.322472  -7.467054 -4.581961 -1.062261  1.697129   
05     60.0 -0.226094  7.226641 -14.543219 -4.743873 -0.605863  5.097385   
06     60.0 -1.573143  4.280595  -9.783485 -5.075526 -1.444062  1.984055   
07     61.0 -2.333430  5.237325 -14.589941 -5.800873 -2.495179  1.675406   
08     61.0  0.491692  5.118781  -7.638754 -2.843579 -0.686552  3.158411   
09     61.0 -0.283725  3.666700  -8.925409 -1.937445  0.405120  2.023255   
10     61.0  0.243276  6.056669 -16.599423 -4.118482  0.814294  3.463106   
11     61.0  1.149266  5.575852  -6.014212 -2.919177 -0.173285  3.958879   
12     61.0 -0.331710  4.878293 -12.745901 -3.726588 -0.173008  3.312614   
13     61.0 -2.890510  4.341435 -12.026428 -6.354125 -2.603001 -0.753851   
14     61.0  0.009165  5.169223 -11.773033 -2.472770 -0.164611  2.759041   
15     61.0  0.774234  5.101313 -11.389511 -2.443228 -0.357216  4.027606   
16     61.0 -0.921769  9.032441 -47.476933 -2.972299  0.544826  3.510797   
17     61.0  3.255073  8.161904 -11.338117 -3.026859  2.958331  8.653722   
18     60.0  0.804183  6.566651 -11.738725 -4.338161  1.313526  5.920363   
19     60.0  1.140378  5.664143 -13.690190 -3.694146  1.230109  4.507609   
20     60.0 -0.329615  4.865613  -9.586928 -3.679768 -0.573809  2.994404   
21     60.0 -0.900822  5.816932 -11.309368 -6.609326 -0.607488  3.668282   
22     60.0  0.923593  5.142633 -12.201596 -2.140411 -0.042171  4.141698   
23     60.0  0.468251  6.405192  -9.263938 -4.198267 -0.110168  3.794608   

            max  
hist             
00    10.325708  
01    12.106087  
02    27.991691  
03     9.298329  
04     9.195455  
05    12.473463  
06     6.139233  
07     7.982169  
08    13.948068  
09     6.630614  
10    14.431861  
11    17.861966  
12     9.679577  
13    12.791319  
14    11.142365  
15    13.114196  
16     9.882872  
17    20.957632  
18    12.501247  
19    14.160262  
20     9.944359  
21     8.603395  
22    12.414170  
23    24.265446  

us-west2
      count        mean        std         min         25%         50%  \
hist                                                                     
00     60.0  498.436916  60.689978  286.976190  482.306554  498.063784   
01     60.0  498.236154  60.894866  286.958892  482.139044  497.482607   
02     60.0  498.013079  61.115390  286.945977  482.250605  497.021651   
03     60.0  497.788972  61.344128  286.936759  482.290900  497.190152   
04     60.0  497.577723  61.570190  286.930629  481.812871  497.510524   
05     60.0  497.383270  61.786530  286.927121  481.494150  497.690711   
06     60.0  497.204235  61.991699  286.925985  481.483302  497.152197   
07     61.0  497.788619  61.945808  286.926991  481.987251  497.358803   
08     61.0  497.635557  62.135287  286.929986  482.246950  497.868487   
09     61.0  497.490662  62.319968  286.934862  482.539398  498.397984   
10     61.0  497.349837  62.500242  286.941481  482.927024  498.937856   
11     61.0  497.208576  62.677015  286.949757  483.241040  499.470363   
12     61.0  497.064088  62.853702  286.959679  483.155810  499.917872   
13     61.0  496.915419  63.035923  286.971268  482.926491  499.882619   
14     61.0  496.760961  63.228748  286.984608  482.665649  499.504235   
15     61.0  496.598307  63.439259  286.999855  482.385896  499.230020   
16     61.0  496.424389  63.678617  287.017191  482.103513  499.581069   
17     61.0  496.235450  63.960332  287.036784  481.834841  499.864009   
18     60.0  499.513000  58.747013  287.239702  484.427445  499.870982   
19     60.0  499.294966  59.176314  287.164884  484.086888  499.751514   
20     60.0  499.085647  59.605409  287.107042  483.732290  499.570494   
21     60.0  498.904568  59.974705  287.062428  483.359584  499.640287   
22     60.0  498.751809  60.261541  287.026983  482.965091  499.518299   
23     60.0  498.604901  60.487828  286.998612  482.636718  498.563580   

             75%         max  
hist                          
00    517.445405  615.937913  
01    516.804401  615.442127  
02    516.200210  618.130387  
03    515.659250  620.425236  
04    515.921327  622.359133  
05    516.167920  623.983956  
06    516.444644  625.313400  
07    519.804577  626.365089  
08    520.525748  627.128770  
09    520.184893  627.593195  
10    518.728964  627.763210  
11    519.293650  627.667158  
12    519.815384  627.363800  
13    520.234599  626.925481  
14    520.544480  626.364144  
15    520.739877  625.677913  
16    520.819987  624.872873  
17    520.631234  623.961664  
18    520.126902  622.967570  
19    519.635792  621.919943  
20    519.188874  620.822687  
21    518.779831  619.675407  
22    518.406232  618.478634  
23    518.068491  617.232621  

ca-central-1
      count       mean       std        min        25%        50%        75%  \
hist                                                                           
00     60.0  67.960442  1.862816  64.810125  66.386162  68.188291  69.266717   
01     60.0  67.957446  1.869024  64.683948  66.367829  68.162636  69.282906   
02     60.0  67.954278  1.875280  64.560034  66.350586  68.139131  69.271460   
03     60.0  67.950941  1.881531  64.437833  66.335363  68.118451  69.317895   
04     60.0  67.947447  1.887742  64.316935  66.341281  68.101052  69.334221   
05     60.0  67.943786  1.893863  64.197061  66.380122  68.078882  69.348599   
06     60.0  67.939936  1.899749  64.078002  66.414763  68.059894  69.356496   
07     60.0  67.935863  1.905265  63.959637  66.410204  68.077828  69.358467   
08     60.0  67.931538  1.910246  63.841910  66.422167  68.072743  69.337160   
09     60.0  67.926966  1.914564  63.724805  66.423529  68.073008  69.302753   
10     61.0  67.934978  1.904813  63.608296  66.461636  68.279295  69.280760   
11     61.0  67.930000  1.907851  63.492328  66.423567  68.279635  69.310575   
12     61.0  67.924673  1.910378  63.376884  66.385062  68.279088  69.342021   
13     61.0  67.919116  1.912743  63.261975  66.346055  68.276697  69.370623   
14     61.0  67.913482  1.915368  63.147608  66.325603  68.272739  69.388022   
15     61.0  67.907908  1.918683  63.033819  66.268634  68.268254  69.345261   
16     61.0  67.902494  1.923108  62.920653  66.234429  68.264236  69.287091   
17     61.0  67.897252  1.928936  62.808153  66.245615  68.258167  69.233781   
18     61.0  67.892123  1.936250  62.696353  66.185455  68.157305  69.204654   
19     61.0  67.887040  1.944878  62.585291  66.231410  68.116825  69.230237   
20     61.0  67.881995  1.954587  62.474978  66.272106  68.132279  69.248675   
21     60.0  67.968857  1.844869  65.069466  66.381116  68.199831  69.299143   
22     60.0  67.966061  1.850703  65.054711  66.386060  68.206692  69.344259   
23     60.0  67.963290  1.856700  64.939411  66.374556  68.213483  69.344513   

            max  
hist             
00    72.258419  
01    72.175469  
02    72.361999  
03    72.547682  
04    72.730416  
05    72.905884  
06    73.068082  
07    73.211199  
08    73.327722  
09    73.410964  
10    73.456343  
11    73.463219  
12    73.434732  
13    73.375085  
14    73.289272  
15    73.183396  
16    73.065375  
17    72.943345  
18    72.823563  
19    72.710476  
20    72.607505  
21    72.514269  
22    72.427654  
23    72.343569  

ap-northeast-1
      count       mean       std        min        25%        50%        75%  \
hist                                                                           
00     61.0  69.206979  1.048547  67.127088  68.507213  69.147505  70.013426   
01     61.0  69.206403  1.051132  67.157748  68.475483  69.284747  70.000428   
02     61.0  69.205980  1.052964  67.173451  68.504769  69.259179  69.975754   
03     61.0  69.205581  1.054041  67.150903  68.483855  69.238194  69.921094   
04     61.0  69.205060  1.054432  67.128143  68.461665  69.284639  69.889869   
05     61.0  69.204308  1.054210  67.105730  68.443884  69.347448  69.850902   
06     61.0  69.203301  1.053500  67.083959  68.429163  69.327560  69.861467   
07     61.0  69.202084  1.052451  67.063791  68.386862  69.379208  69.870828   
08     61.0  69.200722  1.051219  67.045951  68.326349  69.413534  69.867379   
09     61.0  69.199276  1.049970  67.031196  68.280948  69.380415  69.855476   
10     60.0  69.228686  1.029372  67.020117  68.349918  69.360363  69.864147   
11     60.0  69.227889  1.027026  67.013500  68.347127  69.312802  69.930604   
12     60.0  69.227163  1.025113  67.010977  68.345203  69.288234  69.962345   
13     60.0  69.226496  1.023873  67.011475  68.368269  69.292568  69.981030   
14     60.0  69.225859  1.023532  67.014057  68.349870  69.322044  70.000922   
15     60.0  69.225192  1.024167  67.018440  68.311037  69.283917  70.029612   
16     60.0  69.224432  1.025774  67.024536  68.296595  69.231080  70.058839   
17     60.0  69.223520  1.028313  67.031221  68.319088  69.203974  70.029048   
18     60.0  69.222422  1.031682  67.037952  68.356427  69.188849  70.043876   
19     60.0  69.221139  1.035665  67.044865  68.441180  69.173959  70.062790   
20     60.0  69.219701  1.039974  67.053369  68.546914  69.160032  70.069106   
21     60.0  69.218227  1.044334  67.064778  68.548071  69.125166  70.023273   
22     60.0  69.216881  1.048514  67.080325  68.544658  69.156975  70.004535   
23     61.0  69.207785  1.045333  67.100982  68.527533  69.137506  69.990517   

            max  
hist             
00    72.540459  
01    72.526414  
02    72.491280  
03    72.434973  
04    72.357649  
05    72.259344  
06    72.139871  
07    71.998950  
08    71.837784  
09    71.658567  
10    71.463797  
11    71.320018  
12    71.467821  
13    71.610281  
14    71.745614  
15    71.873304  
16    71.993658  
17    72.107009  
18    72.212771  
19    72.308688  
20    72.391511  
21    72.457889  
22    72.505652  
23    72.533453  

ap-southeast-2
      count       mean       std        min        25%        50%        75%  \
hist                                                                           
00     61.0  71.001109  1.657295  67.400373  70.061881  70.703699  72.080782   
01     61.0  70.994797  1.658659  67.269773  70.057426  70.736001  72.041712   
02     61.0  70.988317  1.660120  67.138732  70.041078  70.783283  71.960300   
03     61.0  70.981732  1.661801  67.007288  70.029389  70.741747  71.851599   
04     61.0  70.975111  1.663839  66.875512  70.068549  70.732964  71.741821   
05     61.0  70.968520  1.666406  66.743486  70.053321  70.714629  71.631980   
06     61.0  70.962029  1.669665  66.611280  70.035409  70.689908  71.601182   
07     61.0  70.955661  1.673707  66.478927  70.014395  70.754192  71.577949   
08     61.0  70.949406  1.678549  66.346405  70.040583  70.755608  71.584515   
09     61.0  70.943216  1.684186  66.213693  70.059756  70.791846  71.596007   
10     61.0  70.937025  1.690595  66.080801  70.085568  70.775874  71.608107   
11     60.0  71.013835  1.582179  67.703364  70.119089  70.778162  71.633609   
12     60.0  71.009354  1.584035  67.735018  70.150489  70.771861  71.640882   
13     60.0  71.004736  1.586283  67.769277  70.185863  70.719312  71.676723   
14     60.0  70.999939  1.588799  67.755953  70.222374  70.671093  71.674066   
15     60.0  70.994963  1.591448  67.684473  70.221791  70.633516  71.692220   
16     60.0  70.989853  1.594157  67.619737  70.217819  70.645084  71.721553   
17     60.0  70.984665  1.596932  67.562256  70.210621  70.654484  71.747252   
18     60.0  70.979432  1.599777  67.513260  70.201864  70.640007  71.768319   
19     60.0  70.974167  1.602668  67.473502  70.195601  70.629616  71.819280   
20     60.0  70.968865  1.605554  67.443163  70.170742  70.626462  71.872468   
21     60.0  70.963522  1.608355  67.422214  70.134173  70.628679  71.922452   
22     60.0  70.958095  1.610963  67.410490  70.079408  70.645905  71.967249   
23     60.0  70.952502  1.613278  67.407026  70.038165  70.686189  72.004631   

            max  
hist             
00    74.697813  
01    74.669629  
02    74.642375  
03    74.616205  
04    74.591059  
05    74.567109  
06    74.544134  
07    74.520980  
08    74.495321  
09    74.464443  
10    74.472343  
11    74.542253  
12    74.606680  
13    74.663663  
14    74.711238  
15    74.747927  
16    74.773962  
17    74.790269  
18    74.797610  
19    74.796695  
20    74.788347  
21    74.772842  
22    74.751198  
23    74.725535  

ap-south-1
      count       mean       std        min        25%        50%        75%  \
hist                                                                           
00     61.0  70.673471  1.780842  66.553726  69.313380  70.255155  72.491711   
01     61.0  70.668578  1.785786  66.452533  69.313081  70.339546  72.500974   
02     61.0  70.663423  1.791551  66.352610  69.315660  70.357566  72.512586   
03     61.0  70.658079  1.798094  66.253972  69.338382  70.363731  72.524504   
04     61.0  70.652618  1.805284  66.156640  69.344208  70.328555  72.516747   
05     61.0  70.647092  1.812991  66.060598  69.347129  70.223762  72.505604   
06     60.0  70.719482  1.730808  68.024952  69.363362  70.323551  72.514818   
07     60.0  70.715520  1.735314  68.024598  69.398330  70.341688  72.511278   
08     60.0  70.711649  1.739505  68.010106  69.406285  70.332829  72.499693   
09     60.0  70.707719  1.743285  67.912232  69.415737  70.292145  72.484813   
10     60.0  70.703639  1.746584  67.830721  69.413128  70.232404  72.469136   
11     60.0  70.699386  1.749420  67.764250  69.430297  70.211573  72.452370   
12     60.0  70.694992  1.751819  67.712084  69.438405  70.195089  72.427639   
13     60.0  70.690502  1.753843  67.674558  69.442880  70.182711  72.440879   
14     60.0  70.685941  1.755571  67.601489  69.432222  70.168957  72.443267   
15     60.0  70.681318  1.757051  67.496178  69.415603  70.133044  72.452878   
16     60.0  70.676650  1.758372  67.390748  69.400020  70.099807  72.469525   
17     60.0  70.671960  1.759639  67.285179  69.385760  70.087534  72.460023   
18     60.0  70.667327  1.760971  67.179542  69.368754  70.076000  72.422428   
19     61.0  70.695465  1.766236  67.073977  69.367131  70.049187  72.447705   
20     61.0  70.691109  1.768076  66.968652  69.363497  70.014257  72.502301   
21     61.0  70.686821  1.770360  66.863765  69.354592  70.035572  72.555288   
22     61.0  70.682514  1.773198  66.759517  69.338649  70.074705  72.555147   
23     61.0  70.678098  1.776666  66.656105  69.336460  70.100873  72.521313   

            max  
hist             
00    73.939755  
01    73.915277  
02    73.888409  
03    73.859644  
04    73.828944  
05    73.840133  
06    73.859021  
07    73.877198  
08    73.894589  
09    73.910943  
10    73.925525  
11    73.937111  
12    73.946305  
13    73.954714  
14    73.963193  
15    73.972319  
16    73.981267  
17    73.988960  
18    73.993962  
19    73.995607  
20    73.993774  
21    73.988000  
22    73.977148  
23    73.960773  

eu-west-2
      count       mean       std        min        25%        50%        75%  \
hist                                                                           
00     61.0  66.951599  1.233647  65.248612  65.989426  66.737914  67.438848   
01     61.0  66.949914  1.235189  65.307598  66.002011  66.729855  67.483372   
02     60.0  66.963091  1.242779  65.374062  66.029464  66.742781  67.479976   
03     60.0  66.962131  1.245748  65.445133  66.063364  66.725787  67.453370   
04     60.0  66.961258  1.249177  65.441893  66.057612  66.693057  67.432765   
05     60.0  66.960370  1.252703  65.440593  66.066750  66.658046  67.425835   
06     60.0  66.959391  1.256014  65.411336  66.071206  66.635250  67.419276   
07     60.0  66.958277  1.258854  65.375027  66.033297  66.616228  67.441216   
08     60.0  66.957012  1.261041  65.337260  66.064631  66.600287  67.471025   
09     60.0  66.955606  1.262471  65.298917  66.091380  66.582141  67.549243   
10     60.0  66.954097  1.263043  65.261147  66.081467  66.553571  67.514931   
11     60.0  66.952547  1.262785  65.224754  66.073921  66.524410  67.518519   
12     60.0  66.951020  1.261777  65.189914  66.104335  66.529815  67.560501   
13     60.0  66.949588  1.260165  65.157177  66.119293  66.504462  67.587831   
14     60.0  66.948329  1.258105  65.127229  66.102239  66.517668  67.575202   
15     61.0  66.967245  1.254512  65.101239  66.103119  66.569490  67.584561   
16     61.0  66.965653  1.251060  65.081161  66.097424  66.609004  67.583283   
17     61.0  66.964063  1.247586  65.069270  66.079548  66.612682  67.581036   
18     61.0  66.962419  1.244159  65.067288  66.025662  66.621847  67.576879   
19     61.0  66.960707  1.240899  65.075570  66.018818  66.635874  67.570556   
20     61.0  66.958942  1.237979  65.093572  66.012532  66.618829  67.562609   
21     61.0  66.957131  1.235594  65.120442  65.970698  66.628191  67.504720   
22     61.0  66.955269  1.233949  65.155245  65.979331  66.686706  67.431147   
23     61.0  66.953397  1.233248  65.197807  65.985664  66.686285  67.472326   

            max  
hist             
00    70.909139  
01    70.863588  
02    70.816250  
03    70.843324  
04    70.891181  
05    70.939949  
06    70.987922  
07    71.034277  
08    71.078142  
09    71.118083  
10    71.152839  
11    71.181850  
12    71.204187  
13    71.218137  
14    71.222123  
15    71.215992  
16    71.200952  
17    71.178794  
18    71.150638  
19    71.117118  
20    71.079675  
21    71.039628  
22    70.997549  
23    70.953866  

sa-east-1
      count       mean       std        min        25%        50%        75%  \
hist                                                                           
00     60.0  65.699287  0.888182  63.634380  65.081098  65.601192  66.306472   
01     60.0  65.698038  0.887141  63.609113  65.061121  65.585440  66.288189   
02     60.0  65.696842  0.886286  63.591326  65.113972  65.577615  66.259722   
03     60.0  65.695669  0.885739  63.579816  65.099036  65.557857  66.234854   
04     60.0  65.694513  0.885514  63.573418  65.116815  65.559251  66.248597   
05     60.0  65.693388  0.885583  63.572398  65.147661  65.563009  66.263535   
06     60.0  65.692307  0.885857  63.577949  65.143390  65.529208  66.268063   
07     60.0  65.691250  0.886214  63.590043  65.120963  65.566875  66.267237   
08     60.0  65.690191  0.886528  63.607796  65.114993  65.587652  66.237805   
09     60.0  65.689111  0.886711  63.630529  65.125299  65.574187  66.200722   
10     60.0  65.687988  0.886708  63.658016  65.118835  65.559127  66.186689   
11     61.0  65.709398  0.896562  63.690505  65.138998  65.567923  66.290241   
12     61.0  65.708068  0.895972  63.727479  65.154584  65.615020  66.230534   
13     61.0  65.706549  0.895152  63.767746  65.148179  65.621534  66.220469   
14     61.0  65.704849  0.894220  63.811385  65.141163  65.606132  66.237837   
15     61.0  65.703014  0.893262  63.819251  65.164549  65.606657  66.214989   
16     61.0  65.701092  0.892347  63.831372  65.112217  65.620192  66.226145   
17     61.0  65.699144  0.891498  63.846245  65.097632  65.654538  66.269735   
18     61.0  65.697218  0.890704  63.862739  65.091146  65.622683  66.304050   
19     61.0  65.695335  0.889967  63.877490  65.065602  65.591083  66.327454   
20     61.0  65.693496  0.889281  63.814970  65.050381  65.601386  66.339275   
21     61.0  65.691691  0.888615  63.758412  65.038016  65.582658  66.341032   
22     60.0  65.702030  0.890356  63.709034  65.118741  65.586072  66.282589   
23     60.0  65.700617  0.889266  63.667720  65.101698  65.606418  66.309159   

            max  
hist             
00    67.744739  
01    67.722828  
02    67.695066  
03    67.663274  
04    67.629767  
05    67.596632  
06    67.565191  
07    67.536502  
08    67.510442  
09    67.486921  
10    67.466272  
11    67.486311  
12    67.520783  
13    67.553995  
14    67.585764  
15    67.616306  
16    67.645618  
17    67.673903  
18    67.701370  
19    67.726883  
20    67.747545  
21    67.760618  
22    67.764670  
23    67.759194  

eu-central-1
      count       mean       std        min        25%        50%        75%  \
hist                                                                           
00     61.0  68.136060  0.980377  66.368798  67.466976  67.898873  68.742725   
01     61.0  68.135050  0.978687  66.380441  67.433558  67.916940  68.664509   
02     61.0  68.133960  0.976681  66.398783  67.436808  67.925136  68.607783   
03     60.0  68.137118  0.982106  66.424396  67.409872  67.959580  68.643808   
04     60.0  68.135840  0.979749  66.457532  67.397880  67.994227  68.606416   
05     60.0  68.134621  0.977396  66.498131  67.361938  67.990722  68.639280   
06     60.0  68.133446  0.975215  66.546060  67.324825  67.988536  68.688633   
07     60.0  68.132359  0.973339  66.600937  67.313851  67.977122  68.737762   
08     60.0  68.131406  0.971873  66.662546  67.348909  67.955597  68.786896   
09     60.0  68.130619  0.970904  66.671045  67.375435  67.939273  68.835445   
10     60.0  68.130004  0.970491  66.634395  67.380899  67.940164  68.882882   
11     60.0  68.129525  0.970572  66.600528  67.372930  67.922585  68.928721   
12     60.0  68.129114  0.971046  66.569319  67.351727  67.914827  68.976265   
13     60.0  68.128723  0.971871  66.540172  67.359558  67.918038  69.035783   
14     60.0  68.128321  0.973089  66.512349  67.394586  67.895949  69.044693   
15     60.0  68.127902  0.974813  66.485127  67.420161  67.886519  69.010669   
16     61.0  68.140256  0.973693  66.458935  67.415750  67.879619  68.965496   
17     61.0  68.140169  0.976038  66.434486  67.394887  67.894098  68.949979   
18     61.0  68.139915  0.978232  66.412303  67.416574  67.894302  68.934391   
19     61.0  68.139532  0.980099  66.393040  67.457599  67.870111  68.912501   
20     61.0  68.139045  0.981477  66.377735  67.500896  67.892939  68.882503   
21     61.0  68.138455  0.982234  66.367327  67.511576  67.888220  68.850414   
22     61.0  68.137757  0.982278  66.362207  67.513218  67.894465  68.810707   
23     61.0  68.136962  0.981627  66.362786  67.515909  67.896453  68.835816   

            max  
hist             
00    70.265158  
01    70.261019  
02    70.253392  
03    70.242573  
04    70.229586  
05    70.215769  
06    70.201706  
07    70.186850  
08    70.170505  
09    70.152559  
10    70.132827  
11    70.111142  
12    70.087401  
13    70.062089  
14    70.036208  
15    70.046898  
16    70.096018  
17    70.139651  
18    70.177083  
19    70.207569  
20    70.231276  
21    70.248413  
22    70.259315  
23    70.264785  

us-east-1
      count       mean       std        min        25%        50%        75%  \
hist                                                                           
00     60.0  70.151468  1.082602  68.004826  69.418614  69.942984  70.656593   
01     60.0  70.151250  1.083267  67.979643  69.465299  69.980588  70.674188   
02     60.0  70.151140  1.083567  67.960717  69.454934  69.981490  70.658469   
03     60.0  70.151117  1.083591  67.949387  69.441622  69.988413  70.654686   
04     60.0  70.151123  1.083474  67.946993  69.426276  69.996213  70.666970   
05     60.0  70.151105  1.083361  67.954670  69.406387  70.007843  70.678830   
06     60.0  70.151081  1.083281  67.973293  69.391606  70.041665  70.677979   
07     60.0  70.151102  1.083127  68.004277  69.380713  70.022689  70.665321   
08     60.0  70.151234  1.082791  68.048459  69.374828  69.978925  70.693248   
09     60.0  70.151529  1.082190  68.105104  69.378890  69.970174  70.686176   
10     61.0  70.163885  1.075906  68.173239  69.400122  69.992292  70.845637   
11     61.0  70.164997  1.074779  68.249584  69.430507  70.007136  70.846146   
12     61.0  70.166221  1.073524  68.296153  69.433291  70.057736  70.846522   
13     61.0  70.167492  1.072349  68.326398  69.425762  70.097323  70.914740   
14     61.0  70.168746  1.071591  68.301454  69.416083  70.089728  70.973144   
15     61.0  70.169912  1.071496  68.278330  69.377619  70.129079  70.935599   
16     61.0  70.170934  1.072175  68.255073  69.362357  70.172271  70.922672   
17     61.0  70.171782  1.073611  68.229541  69.332150  70.176642  70.899728   
18     61.0  70.172476  1.075707  68.201411  69.320273  70.140208  70.847830   
19     61.0  70.173072  1.078246  68.171086  69.326094  70.098308  70.824364   
20     61.0  70.173646  1.080997  68.138229  69.335188  70.049632  70.773637   
21     60.0  70.152306  1.079198  68.103512  69.321730  70.012472  70.704644   
22     60.0  70.152087  1.080427  68.068495  69.347544  69.963169  70.670608   
23     60.0  70.151771  1.081616  68.034826  69.361731  69.940961  70.658259   

            max  
hist             
00    73.011281  
01    73.071523  
02    73.120939  
03    73.160804  
04    73.192432  
05    73.217241  
06    73.235583  
07    73.247377  
08    73.252983  
09    73.253162  
10    73.247954  
11    73.237274  
12    73.222019  
13    73.202780  
14    73.179436  
15    73.151396  
16    73.117379  
17    73.075918  
18    73.026901  
19    72.970021  
20    72.905429  
21    72.833655  
22    72.860674  
23    72.940491  

us-west-1
      count       mean       std        min        25%        50%        75%  \
hist                                                                           
00     60.0  69.362947  1.581542  66.404368  68.063428  69.643719  70.708120   
01     60.0  69.359506  1.584757  66.387085  68.022937  69.587144  70.746942   
02     60.0  69.355990  1.588125  66.305515  68.053155  69.603193  70.786415   
03     60.0  69.352338  1.591602  66.232287  68.061554  69.578295  70.842836   
04     60.0  69.348490  1.595033  66.167903  68.041970  69.541039  70.884284   
05     60.0  69.344406  1.598265  66.112454  68.018050  69.547708  70.923844   
06     60.0  69.340060  1.601187  66.065688  68.024721  69.640440  70.912490   
07     61.0  69.358345  1.600318  66.027386  68.052325  69.720279  70.877399   
08     61.0  69.354098  1.602961  65.997188  68.071958  69.717025  70.842061   
09     61.0  69.349893  1.605504  65.975026  68.095790  69.723679  70.807108   
10     61.0  69.345801  1.608072  65.960202  68.112084  69.720596  70.773851   
11     61.0  69.341842  1.610800  65.952026  68.118216  69.738178  70.766569   
12     61.0  69.337995  1.613855  65.866203  68.127205  69.749783  70.816177   
13     61.0  69.334214  1.617457  65.742878  68.109008  69.752540  70.859052   
14     61.0  69.330426  1.621805  65.619703  68.058677  69.746670  70.892408   
15     61.0  69.326544  1.626953  65.496822  68.059532  69.732682  70.863294   
16     61.0  69.322501  1.632786  65.374321  68.097607  69.710931  70.826437   
17     61.0  69.318217  1.639182  65.252240  68.137598  69.682049  70.782954   
18     60.0  69.383312  1.566427  66.060775  68.127473  69.885745  70.769807   
19     60.0  69.380101  1.568713  66.100756  68.104492  69.898409  70.804769   
20     60.0  69.376753  1.570988  66.148364  68.087633  69.902789  70.820462   
21     60.0  69.373317  1.573329  66.203263  68.074485  69.845095  70.809542   
22     60.0  69.369838  1.575818  66.264791  68.065966  69.778278  70.778159   
23     60.0  69.366379  1.578544  66.332169  68.062392  69.710619  70.739847   

            max  
hist             
00    71.842895  
01    71.830750  
02    71.855096  
03    71.876530  
04    71.878965  
05    71.859269  
06    71.816198  
07    71.750603  
08    71.664775  
09    71.562466  
10    71.501410  
11    71.511928  
12    71.517204  
13    71.552150  
14    71.586907  
15    71.622802  
16    71.659865  
17    71.697041  
18    71.733207  
19    71.766869  
20    71.796345  
21    71.819892  
22    71.836182  
23    71.844224  

us-west-2
      count       mean       std        min        25%        50%        75%  \
hist                                                                           
00     60.0  70.284758  1.184091  68.407320  69.407799  70.066126  71.036489   
01     60.0  70.284292  1.186861  68.427198  69.410582  70.051465  71.031977   
02     60.0  70.283763  1.190171  68.447663  69.404687  70.038981  71.095134   
03     60.0  70.283130  1.193944  68.470342  69.400756  70.034949  71.123001   
04     60.0  70.282359  1.198066  68.496322  69.416093  70.062994  71.135033   
05     60.0  70.281396  1.202348  68.525665  69.439742  70.027520  71.144988   
06     60.0  70.280134  1.206386  68.557420  69.460310  70.034088  71.142873   
07     61.0  70.255951  1.209270  68.514609  69.387400  69.991419  71.056044   
08     61.0  70.256225  1.206770  68.431147  69.471935  69.987524  71.044115   
09     61.0  70.256367  1.204228  68.357246  69.446917  69.980027  71.034150   
10     61.0  70.256427  1.201811  68.295109  69.476472  70.009566  71.025275   
11     61.0  70.256423  1.199724  68.246133  69.530159  70.033592  71.016110   
12     61.0  70.256353  1.198101  68.210786  69.514943  70.006067  71.005219   
13     61.0  70.256185  1.196974  68.188930  69.447381  70.042366  70.990768   
14     61.0  70.255896  1.196342  68.179809  69.440645  70.066429  70.971460   
15     61.0  70.255478  1.196221  68.182564  69.428264  70.068441  70.946521   
16     61.0  70.254903  1.196544  68.195986  69.405428  70.085764  70.912387   
17     61.0  70.254160  1.197236  68.218128  69.442267  70.103245  70.880846   
18     60.0  70.287728  1.177464  68.246392  69.480598  70.114539  70.912690   
19     60.0  70.287248  1.177596  68.277432  69.470602  70.118898  71.014272   
20     60.0  70.286704  1.178046  68.308354  69.421864  70.117993  71.060086   
21     60.0  70.286167  1.178891  68.337263  69.382374  70.111876  71.073181   
22     60.0  70.285668  1.180158  68.363297  69.365525  70.101128  71.063034   
23     60.0  70.285204  1.181872  68.386359  69.376987  70.083062  71.035616   

            max  
hist             
00    73.638253  
01    73.705002  
02    73.761657  
03    73.806306  
04    73.837281  
05    73.853713  
06    73.855244  
07    73.841730  
08    73.812915  
09    73.768803  
10    73.710426  
11    73.639311  
12    73.556748  
13    73.463173  
14    73.358884  
15    73.245913  
16    73.126004  
17    73.000763  
18    73.098487  
19    73.200103  
20    73.297811  
21    73.391339  
22    73.479990  
23    73.562757  

brazilsouth
      count       mean       std        min        25%        50%        75%  \
hist                                                                           
00     60.0  57.170972  2.530457  54.386756  55.949155  56.777486  57.526384   
01     60.0  57.167970  2.525587  54.374175  55.942820  56.766387  57.518038   
02     60.0  57.164643  2.520564  54.364957  55.976922  56.790245  57.506360   
03     60.0  57.160942  2.515354  54.360926  55.935058  56.812915  57.483684   
04     60.0  57.156882  2.510009  54.363114  55.850662  56.818037  57.459289   
05     60.0  57.152536  2.504624  54.372182  55.769448  56.829860  57.481175   
06     60.0  57.148003  2.499145  54.388258  55.772353  56.869839  57.497580   
07     60.0  57.143360  2.493333  54.412120  55.778601  56.890894  57.528996   
08     60.0  57.138624  2.486858  54.444149  55.800261  56.892716  57.559129   
09     60.0  57.133828  2.479331  54.484195  55.843012  56.906073  57.499649   
10     60.0  57.128941  2.470107  54.531320  55.790300  56.941296  57.458250   
11     61.0  57.238958  2.596835  54.554085  55.856557  56.956541  57.448765   
12     61.0  57.237175  2.592499  54.547421  55.849115  56.979253  57.539833   
13     61.0  57.235287  2.587311  54.541734  55.875501  56.960619  57.634614   
14     61.0  57.233337  2.581594  54.535085  55.914997  56.884522  57.573351   
15     61.0  57.231397  2.575777  54.526196  55.925687  56.835098  57.502465   
16     61.0  57.229517  2.570091  54.514441  55.948127  56.815642  57.511843   
17     61.0  57.227739  2.564623  54.500003  55.981431  56.786170  57.528327   
18     61.0  57.226110  2.559524  54.483640  55.977660  56.769449  57.543184   
19     61.0  57.224614  2.554809  54.466283  55.972479  56.773469  57.569781   
20     61.0  57.223198  2.550418  54.449445  55.971514  56.787782  57.620453   
21     61.0  57.221799  2.546269  54.433179  55.974079  56.796430  57.660392   
22     60.0  57.176277  2.540172  54.416859  55.989134  56.780657  57.581057   
23     60.0  57.173727  2.535287  54.401145  55.979035  56.790208  57.560967   

            max  
hist             
00    69.496126  
01    69.439662  
02    69.365889  
03    69.274363  
04    69.166172  
05    69.042618  
06    68.903592  
07    68.746822  
08    68.810599  
09    68.989844  
10    69.154679  
11    69.250194  
12    69.336913  
13    69.413481  
14    69.478654  
15    69.532005  
16    69.572252  
17    69.599219  
18    69.613656  
19    69.616704  
20    69.609658  
21    69.593751  
22    69.570266  
23    69.538468  

australiaeast
      count       mean       std        min        25%        50%        75%  \
hist                                                                           
00     61.0  69.611218  3.065582  64.259432  67.144783  69.662269  72.307561   
01     61.0  69.609615  3.065559  64.263896  67.169088  69.579372  72.360680   
02     61.0  69.608055  3.065618  64.273951  67.146065  69.503511  72.398688   
03     61.0  69.606534  3.065726  64.290505  67.119904  69.435897  72.418381   
04     61.0  69.605034  3.065806  64.315267  67.091669  69.375862  72.366777   
05     61.0  69.603545  3.065833  64.317194  67.062779  69.322622  72.316824   
06     61.0  69.602042  3.065844  64.267429  67.034052  69.276577  72.177145   
07     61.0  69.600544  3.065857  64.226164  67.057547  69.237506  72.227105   
08     61.0  69.599051  3.065762  64.194526  67.095589  69.203043  72.189651   
09     61.0  69.597523  3.065399  64.172258  67.137297  69.168922  72.157657   
10     61.0  69.595967  3.064680  64.157865  67.214853  69.130646  72.131341   
11     60.0  69.605391  3.088213  64.150416  67.256043  69.633613  72.223578   
12     60.0  69.603225  3.086614  64.147830  67.226910  69.587653  72.212621   
13     60.0  69.600966  3.084859  64.146853  67.183127  69.554569  72.205385   
14     60.0  69.598551  3.083127  64.145290  67.154333  69.414563  72.201432   
15     60.0  69.595945  3.081601  64.143047  67.135705  69.240419  72.215073   
16     60.0  69.593178  3.080369  64.142118  67.126225  69.064979  72.244054   
17     60.0  69.590343  3.079480  64.144997  67.123424  68.891843  72.273759   
18     60.0  69.587568  3.078950  64.152815  67.124672  68.927452  72.295912   
19     60.0  69.584956  3.078735  64.165260  67.128197  69.001545  72.314122   
20     60.0  69.582562  3.078680  64.182715  67.132690  69.067921  72.330594   
21     60.0  69.580416  3.078640  64.205586  67.143556  69.125385  72.335156   
22     60.0  69.578499  3.078558  64.234612  67.160329  69.218436  72.331058   
23     60.0  69.576805  3.078473  64.261472  67.171426  69.235357  72.326157   

            max  
hist             
00    74.263071  
01    74.311271  
02    74.350457  
03    74.376929  
04    74.391042  
05    74.394479  
06    74.388990  
07    74.401044  
08    74.470333  
09    74.526702  
10    74.568123  
11    74.592935  
12    74.601469  
13    74.595857  
14    74.579078  
15    74.552293  
16    74.515686  
17    74.471288  
18    74.422369  
19    74.371627  
20    74.321262  
21    74.272297  
22    74.225172  
23    74.234853  

eastus
      count       mean       std        min        25%        50%        75%  \
hist                                                                           
00     60.0  73.132202  0.760431  71.245988  72.686315  73.111801  73.545770   
01     60.0  73.132737  0.762617  71.207163  72.663112  73.090888  73.523370   
02     60.0  73.133222  0.765235  71.173185  72.664334  73.064275  73.489958   
03     60.0  73.133662  0.768115  71.143457  72.643870  72.991848  73.488904   
04     60.0  73.134036  0.770896  71.118768  72.634228  72.946848  73.485943   
05     60.0  73.134325  0.773283  71.100522  72.653025  72.946744  73.480835   
06     60.0  73.134539  0.775094  71.089540  72.630271  72.949033  73.484933   
07     60.0  73.134664  0.776149  71.086658  72.578964  72.960165  73.486295   
08     60.0  73.134690  0.776347  71.093043  72.593408  72.957837  73.499111   
09     60.0  73.134569  0.775688  71.109234  72.626305  72.969764  73.530429   
10     61.0  73.099674  0.814097  71.018699  72.573467  72.992885  73.574179   
11     61.0  73.100723  0.808361  71.107843  72.583894  73.005919  73.605272   
12     61.0  73.101514  0.802409  71.196574  72.599069  73.017510  73.618900   
13     61.0  73.102079  0.796505  71.249475  72.611572  73.008347  73.629656   
14     61.0  73.102511  0.790949  71.296192  72.627594  73.036021  73.637743   
15     61.0  73.102890  0.786017  71.346765  72.637827  73.060893  73.642893   
16     61.0  73.103242  0.781911  71.401322  72.657239  73.054408  73.644134   
17     61.0  73.103561  0.778778  71.460790  72.687155  73.060401  73.624787   
18     61.0  73.103838  0.776797  71.525938  72.711484  73.070345  73.602324   
19     61.0  73.104058  0.776060  71.517523  72.688089  73.063266  73.589672   
20     61.0  73.104219  0.776459  71.450821  72.648634  73.061423  73.559284   
21     60.0  73.129920  0.757913  71.391213  72.686314  73.084785  73.548190   
22     60.0  73.130857  0.757996  71.337915  72.672855  73.082312  73.579316   
23     60.0  73.131598  0.758846  71.289769  72.668624  73.094277  73.582036   

            max  
hist             
00    74.921374  
01    74.951005  
02    74.983610  
03    75.017699  
04    75.050072  
05    75.077003  
06    75.095022  
07    75.101893  
08    75.096875  
09    75.080603  
10    75.055397  
11    75.024678  
12    74.992187  
13    74.961246  
14    74.934875  
15    74.915324  
16    74.902887  
17    74.895983  
18    74.892519  
19    74.890794  
20    74.888667  
21    74.883651  
22    74.873598  
23    74.894353  

centralindia
      count       mean       std        min        25%        50%        75%  \
hist                                                                           
00     61.0  49.552057  1.891130  47.091800  48.189163  49.157446  50.465026   
01     61.0  49.541319  1.858210  47.118037  48.211197  49.120321  50.402842   
02     61.0  49.530760  1.826327  47.152908  48.186244  49.121125  50.442346   
03     61.0  49.520379  1.795524  47.195235  48.147834  49.157258  50.500085   
04     61.0  49.510170  1.765853  47.242773  48.120022  49.163860  50.553026   
05     61.0  49.500140  1.737356  47.293457  48.117852  49.129118  50.527054   
06     60.0  49.522738  1.705456  47.345496  48.215676  49.180520  50.510952   
07     60.0  49.513457  1.678310  47.396993  48.258014  49.220773  50.477976   
08     60.0  49.504353  1.652311  47.445460  48.291186  49.258776  50.400107   
09     60.0  49.495407  1.627457  47.489155  48.248579  49.286647  50.323307   
10     60.0  49.486603  1.603819  47.434145  48.243248  49.271830  50.227800   
11     60.0  49.477947  1.581455  47.368891  48.226572  49.255448  50.204119   
12     60.0  49.469424  1.560376  47.309112  48.198666  49.234421  50.177590   
13     60.0  49.461046  1.540578  47.255710  48.204726  49.214288  50.148312   
14     60.0  49.452871  1.521997  47.209616  48.222522  49.211233  50.106431   
15     60.0  49.444943  1.504589  47.170852  48.210420  49.220286  50.127838   
16     60.0  49.437324  1.488374  47.138889  48.190469  49.211231  50.151301   
17     60.0  49.430047  1.473298  47.113133  48.196255  49.195105  50.163606   
18     60.0  49.423078  1.459309  47.093174  48.218454  49.183217  50.127822   
19     61.0  49.607692  2.069485  47.078735  48.297844  49.183828  50.151473   
20     61.0  49.596289  2.031958  47.069434  48.310845  49.170057  50.227923   
21     61.0  49.585055  1.995375  47.065010  48.296244  49.167575  50.308003   
22     61.0  49.573954  1.959742  47.066455  48.271557  49.163843  50.392278   
23     61.0  49.562952  1.924996  47.074944  48.235919  49.153821  50.480738   

            max  
hist             
00    59.391321  
01    59.059204  
02    58.727691  
03    58.396822  
04    58.066620  
05    57.737072  
06    57.408174  
07    57.079962  
08    56.752431  
09    56.425537  
10    56.099236  
11    55.773515  
12    55.448429  
13    55.124057  
14    54.800458  
15    54.477748  
16    54.156174  
17    53.836217  
18    53.518860  
19    61.059234  
20    60.724818  
21    60.390801  
22    60.057186  
23    59.724002  

japaneast
      count       mean       std        min        25%        50%        75%  \
hist                                                                           
00     61.0  61.849924  7.317513  52.134308  54.797828  57.401063  69.000672   
01     61.0  61.838367  7.317102  52.160540  54.835281  57.467620  68.937426   
02     61.0  61.826759  7.316819  52.196556  54.819347  57.527555  68.963940   
03     61.0  61.815202  7.316756  52.243293  54.778092  57.578376  69.026663   
04     61.0  61.803792  7.316962  52.301213  54.776029  57.617879  69.101242   
05     61.0  61.792596  7.317398  52.369343  54.785072  57.645020  69.185554   
06     61.0  61.781626  7.318059  52.446239  54.687427  57.659475  69.252463   
07     61.0  61.770851  7.318946  52.528828  54.622298  57.660308  69.190294   
08     61.0  61.760162  7.320067  52.613177  54.615868  57.647666  69.157671   
09     61.0  61.749431  7.321473  52.695235  54.674452  57.623374  69.151091   
10     60.0  61.884599  7.294908  52.771708  54.731868  60.075309  69.188912   
11     60.0  61.873621  7.296906  52.841467  54.735664  59.824880  69.154632   
12     60.0  61.862455  7.299107  52.746613  54.694004  59.574836  69.109701   
13     60.0  61.851103  7.301434  52.624554  54.669311  59.326184  69.065553   
14     60.0  61.839622  7.303829  52.513275  54.673313  59.080115  69.026129   
15     60.0  61.828138  7.306247  52.415649  54.715645  58.837237  68.993065   
16     60.0  61.816733  7.308577  52.332697  54.709781  58.596936  69.050163   
17     60.0  61.805423  7.310721  52.263797  54.688238  58.359648  69.126180   
18     60.0  61.794220  7.312599  52.208427  54.689355  58.126888  69.153653   
19     60.0  61.783161  7.314195  52.166317  54.670422  57.900670  69.085716   
20     60.0  61.772209  7.315438  52.136460  54.655469  57.748392  69.112704   
21     60.0  61.761287  7.316256  52.118274  54.667598  57.608707  69.121674   
22     60.0  61.750314  7.316645  52.112184  54.697792  57.482892  69.127404   
23     61.0  61.861369  7.317907  52.117829  54.760382  57.416916  69.065883   

            max  
hist             
00    71.058785  
01    71.044574  
02    71.031597  
03    71.018605  
04    71.005175  
05    70.989877  
06    70.971254  
07    70.948169  
08    70.919778  
09    70.901611  
10    70.949773  
11    70.994099  
12    71.033159  
13    71.065304  
14    71.090947  
15    71.110943  
16    71.124479  
17    71.131936  
18    71.134732  
19    71.132681  
20    71.124432  
21    71.110540  
22    71.093241  
23    71.075338  

germanywestcentral
      count       mean       std        min        25%        50%        75%  \
hist                                                                           
00     61.0  50.740745  2.431816  47.924786  49.344519  50.179018  50.928507   
01     61.0  50.729836  2.404332  47.885747  49.379797  50.199486  50.923123   
02     61.0  50.719152  2.377435  47.845358  49.408555  50.221376  50.907667   
03     60.0  50.742079  2.356501  47.803856  49.363432  50.220988  50.950217   
04     60.0  50.732007  2.330707  47.762709  49.338505  50.148737  50.933034   
05     60.0  50.721971  2.306087  47.723491  49.312116  50.177146  50.911131   
06     60.0  50.712018  2.282703  47.688219  49.310716  50.206406  50.887093   
07     60.0  50.702249  2.260592  47.659124  49.315699  50.175426  50.887816   
08     60.0  50.692777  2.239724  47.638351  49.321266  50.143495  50.862168   
09     60.0  50.683691  2.220042  47.627047  49.294961  50.114124  50.825698   
10     60.0  50.675034  2.201510  47.625442  49.276022  50.130754  50.782194   
11     60.0  50.666787  2.184063  47.631714  49.265274  50.146121  50.759842   
12     60.0  50.658898  2.167639  47.644646  49.292337  50.133890  50.795476   
13     60.0  50.651279  2.152222  47.664019  49.287393  50.134668  50.804923   
14     60.0  50.643742  2.137757  47.690138  49.239079  50.134441  50.808495   
15     60.0  50.636024  2.124137  47.723690  49.208768  50.133888  50.814157   
16     61.0  50.840611  2.672855  47.764661  49.238259  50.133738  51.008617   
17     61.0  50.827221  2.639473  47.812716  49.296826  50.107218  51.064815   
18     61.0  50.813832  2.607249  47.866320  49.278822  50.041665  51.116572   
19     61.0  50.800662  2.576135  47.923209  49.327548  50.080587  51.101279   
20     61.0  50.787862  2.545995  47.981241  49.312682  50.132016  51.061184   
21     61.0  50.775488  2.516670  48.038909  49.246443  50.138019  50.945983   
22     61.0  50.763529  2.487976  48.007762  49.275821  50.147641  50.908089   
23     61.0  50.751955  2.459724  47.964511  49.309107  50.161348  50.923276   

            max  
hist             
00    61.070227  
01    60.748102  
02    60.425002  
03    60.100942  
04    59.775898  
05    59.449845  
06    59.122788  
07    58.794802  
08    58.465985  
09    58.136427  
10    57.806179  
11    57.475295  
12    57.143847  
13    56.811586  
14    56.477388  
15    56.138628  
16    63.607962  
17    63.294468  
18    62.980011  
19    62.664521  
20    62.347941  
21    62.030226  
22    61.711349  
23    61.391329  

westus
      count       mean       std        min        25%        50%        75%  \
hist                                                                           
00     60.0  72.522561  1.338004  69.513288  71.615589  72.486900  73.167312   
01     60.0  72.526976  1.338909  69.486880  71.625624  72.482856  73.184696   
02     60.0  72.531133  1.340017  69.416222  71.702754  72.463916  73.210593   
03     60.0  72.535014  1.341343  69.343269  71.672931  72.457743  73.243325   
04     60.0  72.538690  1.342918  69.268740  71.642082  72.456932  73.257147   
05     60.0  72.542305  1.344763  69.195080  71.624343  72.444070  73.258806   
06     60.0  72.545999  1.346892  69.125307  71.616610  72.403433  73.243479   
07     61.0  72.509342  1.374389  69.062507  71.600292  72.373265  73.230524   
08     61.0  72.513609  1.376063  69.009868  71.631195  72.387811  73.259282   
09     61.0  72.517928  1.378228  68.969891  71.623984  72.395687  73.289721   
10     61.0  72.522278  1.380795  68.943155  71.636668  72.313326  73.277702   
11     61.0  72.526623  1.383726  68.927806  71.648507  72.360806  73.248950   
12     61.0  72.530963  1.387028  68.922172  71.625036  72.406522  73.278227   
13     61.0  72.535343  1.390670  68.926042  71.610913  72.427014  73.311819   
14     61.0  72.539809  1.394595  68.940360  71.648904  72.442745  73.285951   
15     61.0  72.544400  1.398762  68.966337  71.703555  72.445467  73.300660   
16     61.0  72.549110  1.403136  69.003820  71.739940  72.450016  73.330928   
17     61.0  72.553921  1.407664  69.050775  71.656106  72.482293  73.351660   
18     60.0  72.496602  1.337108  69.104950  71.644366  72.489834  73.224469   
19     60.0  72.500335  1.336712  69.165287  71.656832  72.495745  73.188941   
20     60.0  72.504426  1.336468  69.229802  71.661755  72.514004  73.156812   
21     60.0  72.508785  1.336477  69.297409  71.646033  72.527599  73.130008   
22     60.0  72.513335  1.336779  69.367652  71.613853  72.481562  73.121521   
23     60.0  72.517968  1.337306  69.440128  71.619365  72.495046  73.146425   

            max  
hist             
00    75.824232  
01    75.856453  
02    75.884990  
03    75.907877  
04    75.923587  
05    75.932157  
06    75.934235  
07    75.929436  
08    75.917715  
09    75.898734  
10    75.872557  
11    75.840140  
12    75.803219  
13    75.765502  
14    75.793403  
15    75.917190  
16    76.042249  
17    76.168459  
18    75.710764  
19    75.711807  
20    75.720540  
21    75.737653  
22    75.762119  
23    75.791752  

uksouth
      count       mean       std        min        25%        50%        75%  \
hist                                                                           
00     61.0  57.429829  3.577290  54.133430  56.047681  56.375251  57.250450   
01     61.0  57.420397  3.566681  54.101511  56.052982  56.432705  57.244547   
02     60.0  57.466346  3.559339  54.424692  56.067593  56.437676  57.223189   
03     60.0  57.456628  3.548601  54.452447  56.029312  56.445665  57.182453   
04     60.0  57.446532  3.538074  54.484967  56.030353  56.472365  57.218546   
05     60.0  57.436170  3.527787  54.521467  56.019546  56.511430  57.214779   
06     60.0  57.425643  3.517623  54.562935  55.984688  56.544099  57.211166   
07     60.0  57.415029  3.507416  54.610807  55.927667  56.549608  57.214561   
08     60.0  57.404462  3.497159  54.588117  55.897338  56.518860  57.200384   
09     60.0  57.394014  3.486711  54.562185  55.919640  56.490500  57.123771   
10     60.0  57.383641  3.475817  54.535995  55.888173  56.491777  57.121718   
11     60.0  57.373250  3.464329  54.509558  55.859116  56.525472  57.150893   
12     60.0  57.362777  3.452193  54.482867  55.898861  56.559088  57.149204   
13     60.0  57.352207  3.439444  54.455878  55.941833  56.577176  57.262880   
14     60.0  57.341545  3.426205  54.426058  55.983637  56.583132  57.338705   
15     61.0  57.512431  3.669067  54.396641  56.033273  56.587380  57.376311   
16     61.0  57.503018  3.660206  54.372523  56.053480  56.604091  57.296350   
17     61.0  57.493594  3.650930  54.343862  56.026327  56.581761  57.250653   
18     61.0  57.484235  3.641174  54.314809  56.039671  56.595065  57.199243   
19     61.0  57.474982  3.630950  54.285446  56.049649  56.605886  57.223701   
20     61.0  57.465870  3.620369  54.255813  56.057273  56.588849  57.260681   
21     61.0  57.456869  3.609583  54.225882  56.063994  56.504645  57.222283   
22     61.0  57.447927  3.598755  54.195557  56.061478  56.415307  57.219453   
23     61.0  57.438966  3.587994  54.164760  56.039271  56.319633  57.257253   

            max  
hist             
00    70.751423  
01    70.752678  
02    70.751931  
03    70.749171  
04    70.745011  
05    70.739938  
06    70.733672  
07    70.726199  
08    70.717559  
09    70.707669  
10    70.698097  
11    70.690630  
12    70.684483  
13    70.678640  
14    70.672743  
15    70.667177  
16    70.662938  
17    70.659205  
18    70.685509  
19    70.707714  
20    70.723706  
21    70.734714  
22    70.742575  
23    70.748192  

westus2
      count       mean       std        min        25%        50%        75%  \
hist                                                                           
00     60.0  72.855542  1.690790  69.388576  71.371855  73.017518  73.995033   
01     60.0  72.856120  1.691570  69.401838  71.342239  72.994160  73.955538   
02     60.0  72.856432  1.692195  69.413960  71.363411  73.006449  74.030220   
03     60.0  72.856498  1.692461  69.424190  71.416573  73.050502  74.038158   
04     60.0  72.856391  1.692290  69.431704  71.425126  73.095490  74.072387   
05     60.0  72.856193  1.691773  69.436522  71.429334  73.089141  74.117551   
06     60.0  72.856014  1.690968  69.441708  71.430156  73.120707  74.155204   
07     61.0  72.797761  1.736346  69.268659  71.422335  73.083271  74.171503   
08     61.0  72.798489  1.733876  69.268002  71.490623  73.059700  74.202986   
09     61.0  72.799325  1.731284  69.267897  71.560344  73.064802  74.094279   
10     61.0  72.800160  1.728691  69.268472  71.572972  73.090146  74.162022   
11     61.0  72.800920  1.726212  69.269837  71.583904  73.109098  74.105378   
12     61.0  72.801580  1.723912  69.272133  71.592892  73.101321  74.134314   
13     61.0  72.802157  1.721831  69.275502  71.599219  73.044270  74.162472   
14     61.0  72.802710  1.719911  69.280088  71.579688  73.042056  74.186854   
15     61.0  72.803284  1.718145  69.285994  71.560084  73.066739  74.139919   
16     61.0  72.803878  1.716492  69.293267  71.542591  73.094996  74.196886   
17     61.0  72.804494  1.714929  69.301873  71.527769  73.122218  74.223464   
18     60.0  72.849302  1.692703  69.311727  71.521848  73.082330  74.281141   
19     60.0  72.850343  1.691232  69.322692  71.498912  73.036219  74.226008   
20     60.0  72.851471  1.690229  69.334644  71.481585  73.100640  74.178380   
21     60.0  72.852625  1.689725  69.347458  71.438419  73.138511  74.135351   
22     60.0  72.853740  1.689704  69.360935  71.413335  73.090936  74.092460   
23     60.0  72.854731  1.690109  69.374779  71.388721  73.050107  74.036784   

            max  
hist             
00    75.933299  
01    75.917260  
02    75.925298  
03    75.978405  
04    76.025355  
05    76.067033  
06    76.104277  
07    76.137764  
08    76.166976  
09    76.190634  
10    76.207543  
11    76.217486  
12    76.220167  
13    76.215677  
14    76.203873  
15    76.185311  
16    76.160667  
17    76.131180  
18    76.098736  
19    76.065579  
20    76.033606  
21    76.003742  
22    75.976369  
23    75.952651  

