brazilsouth
      count       mean       std        min        25%        50%        75%  \
hist                                                                           
00     60.0  56.259762  4.022062  44.929825  54.130000  56.162354  58.560000   
01     60.0  56.841220  4.071670  50.595064  54.244583  56.247631  58.279431   
02     60.0  57.197294  4.423192  50.087500  54.438250  56.485833  59.041875   
03     60.0  57.175853  3.578303  50.322500  55.226149  56.665410  58.152917   
04     60.0  56.720475  4.453287  47.133333  53.712992  56.167083  57.982292   
05     60.0  56.350804  3.781536  48.799167  53.089583  56.433333  58.204167   
06     60.0  56.355743  3.849818  48.065000  54.541250  56.346806  58.356250   
07     60.0  57.920319  4.369564  49.385833  55.401867  57.735000  59.230625   
08     60.0  56.996640  3.489376  50.276667  54.813750  56.594600  58.966667   
09     60.0  57.211359  5.070961  49.400833  54.317173  56.009583  58.755417   
10     60.0  58.000763  4.453718  49.955833  55.306382  57.220000  60.237708   
11     61.0  58.165391  4.205697  51.441582  55.305000  57.595000  60.934167   
12     61.0  58.451566  5.067379  50.849167  55.282500  57.817500  60.797500   
13     61.0  57.493895  4.786489  46.766667  55.324437  57.207500  58.988294   
14     61.0  58.074774  5.002212  49.928333  55.580645  57.278333  59.590833   
15     61.0  58.059493  4.819582  50.204508  54.630000  57.213266  60.102675   
16     61.0  58.613957  4.445496  49.375833  55.886667  57.715309  61.587500   
17     61.0  57.365473  4.592700  49.865833  54.825000  56.524167  58.816667   
18     61.0  57.505562  4.263088  48.835833  54.622500  56.647500  60.055172   
19     61.0  57.499706  3.971505  49.019147  54.556667  57.719167  59.662219   
20     61.0  56.882032  4.444890  50.932500  54.054167  56.357500  58.978333   
21     61.0  56.943376  3.703946  45.207358  54.702500  56.265221  59.198333   
22     60.0  57.748366  3.944978  51.198333  55.046958  57.000417  59.609135   
23     60.0  56.571971  4.184536  48.304167  54.159167  55.953271  58.890417   

            max  
hist             
00    68.041667  
01    72.124167  
02    71.011667  
03    70.975000  
04    71.977500  
05    69.078333  
06    71.577500  
07    73.153846  
08    69.282736  
09    78.696667  
10    74.090075  
11    70.190563  
12    76.710000  
13    78.194167  
14    83.148333  
15    74.714167  
16    69.971667  
17    74.208333  
18    71.118333  
19    68.191667  
20    76.979167  
21    66.810345  
22    73.554167  
23    72.895833  

australiaeast
      count       mean       std        min        25%        50%        75%  \
hist                                                                           
00     61.0  70.081104  4.808337  61.328984  66.234167  69.864865  72.639485   
01     61.0  70.308848  4.500292  59.336177  67.022923  70.214350  74.027248   
02     61.0  68.727804  5.149505  58.627543  64.374384  68.795954  71.649874   
03     61.0  69.444271  5.111542  58.869524  65.650000  69.831315  72.103896   
04     61.0  68.841186  5.063559  57.642458  65.087666  68.352709  72.814580   
05     61.0  69.546727  4.992894  59.888603  65.474531  70.227891  72.520325   
06     61.0  69.416579  4.690834  60.619167  66.002442  69.478585  72.726750   
07     61.0  69.713726  4.965543  58.502500  66.335745  69.697500  73.702889   
08     61.0  69.605591  4.730091  59.187500  66.400000  69.430911  72.488832   
09     61.0  70.028322  5.039346  60.078680  66.545910  69.914669  73.068398   
10     61.0  69.474340  5.110061  55.992731  66.190833  69.737500  73.998028   
11     60.0  69.775765  5.152731  59.714026  66.565584  69.419101  73.102715   
12     60.0  70.394779  4.955940  60.761682  66.396042  70.677917  72.939443   
13     60.0  69.995713  4.353298  60.502500  67.478125  70.391894  73.282794   
14     60.0  71.152606  5.673102  58.290432  67.405321  72.301615  75.032372   
15     60.0  70.018873  4.480740  61.308333  66.484946  70.061727  73.386042   
16     60.0  70.157568  5.296693  59.986431  67.166197  69.685812  73.650599   
17     60.0  69.504122  4.858106  60.023194  66.477254  70.140746  72.216581   
18     60.0  69.267395  4.764883  58.257443  66.217882  68.859516  72.739923   
19     60.0  69.987138  4.594534  61.078406  67.561340  70.198604  72.702792   
20     60.0  69.168085  4.420049  58.768714  65.813540  68.264035  72.427757   
21     60.0  69.665802  5.391345  58.160350  65.865358  69.205573  74.248104   
22     60.0  69.761005  5.517584  58.879388  65.540179  70.326850  73.966674   
23     60.0  70.283248  4.735810  58.769912  67.051332  69.840581  73.026564   

            max  
hist             
00    80.980392  
01    79.630638  
02    80.270983  
03    82.849807  
04    83.523973  
05    80.720803  
06    80.636792  
07    79.936553  
08    81.193370  
09    82.266667  
10    78.281739  
11    81.432900  
12    82.982005  
13    79.776190  
14    84.839050  
15    80.212121  
16    84.112084  
17    82.593315  
18    77.982624  
19    80.064771  
20    78.817266  
21    82.208017  
22    86.492795  
23    80.840764  

eastus
      count       mean        std        min        25%        50%        75%  \
hist                                                                            
00     60.0  72.632054   3.277039  64.165487  70.188125  72.783337  75.129285   
01     60.0  72.989465   2.928158  67.259167  71.275679  73.132622  74.889118   
02     60.0  72.297744   2.634661  65.170000  70.261222  72.309555  73.588333   
03     60.0  72.716650   2.547828  68.322204  71.183270  72.839379  74.292374   
04     60.0  73.136905   3.074504  63.765000  71.208601  73.574583  75.209583   
05     60.0  72.616577   2.727974  66.435726  70.551042  72.990000  74.521664   
06     60.0  73.348548   2.776028  66.088333  71.640751  73.428269  74.853958   
07     60.0  73.296444   2.623830  68.077694  71.399674  72.977009  75.201991   
08     60.0  73.202664   3.301028  65.453556  70.911418  72.808692  75.024167   
09     60.0  74.015869   3.167705  68.630000  72.364256  73.577917  75.589656   
10     61.0  74.062315   3.213935  67.230833  72.403333  73.762104  76.130833   
11     61.0  74.152850   3.109579  67.054167  72.424875  73.838409  75.565217   
12     61.0  76.232961  14.327906  68.291562  71.776294  74.234167  76.442500   
13     61.0  73.533617   3.761363  64.181135  70.706667  73.618333  75.527500   
14     61.0  73.522601   3.841714  67.249374  70.934891  72.847500  75.645781   
15     61.0  73.220709   3.442307  65.675000  71.036667  73.382500  75.274167   
16     61.0  73.876450   3.172726  67.690685  71.978333  74.066667  75.413333   
17     61.0  73.607576   3.441543  66.447500  71.553131  73.910833  75.140951   
18     61.0  74.059016   3.452140  67.561667  71.685000  74.005833  76.155000   
19     61.0  73.625437   3.044715  66.012500  71.481667  73.553885  75.477072   
20     61.0  72.537120   3.076029  64.876564  70.780000  72.555864  74.550000   
21     60.0  73.093788   3.083942  67.390833  70.791667  73.238633  75.344792   
22     60.0  72.115645   2.902119  67.870418  69.568159  71.630731  74.336042   
23     60.0  72.500507   2.579854  64.035836  71.178345  72.838616  74.108180   

             max  
hist              
00     78.975000  
01     81.920000  
02     79.561667  
03     80.971643  
04     78.350000  
05     79.652500  
06     79.085071  
07     81.631667  
08     82.145256  
09     83.055000  
10     82.672227  
11     81.279866  
12    182.928333  
13     86.330000  
14     91.907500  
15     80.908688  
16     80.265000  
17     82.820833  
18     85.241667  
19     82.315833  
20     81.367500  
21     79.910684  
22     79.980833  
23     77.846667  

centralindia
      count       mean       std        min        25%        50%        75%  \
hist                                                                           
00     61.0  49.351781  3.537645  43.253968  47.170000  48.932500  51.372500   
01     61.0  49.289444  3.470750  44.042500  46.400833  48.985833  51.656667   
02     61.0  48.988626  3.479163  42.762500  46.786667  48.761667  50.625833   
03     61.0  49.312409  3.550076  41.909925  47.232500  49.376936  51.692500   
04     61.0  49.038799  3.072815  41.441667  47.286792  48.631579  50.855833   
05     61.0  48.708093  3.284612  41.972500  46.538333  48.292500  50.523649   
06     60.0  48.902051  3.400403  42.299167  46.692708  48.125833  50.972708   
07     60.0  49.127866  2.938307  42.952500  47.390907  49.068438  51.288958   
08     60.0  49.565428  3.249872  44.175000  47.044792  49.368747  51.120833   
09     60.0  50.534027  3.958105  42.525833  47.754768  50.418464  52.488750   
10     60.0  49.993914  3.542849  41.652988  47.292917  49.779245  52.905675   
11     60.0  50.103739  3.931617  43.818333  47.272048  49.467500  52.235417   
12     60.0  50.296115  4.353610  42.578333  46.971458  50.160252  52.591667   
13     60.0  50.727559  3.983592  43.976236  47.869792  50.225833  52.258542   
14     60.0  50.364173  3.752947  44.205000  47.654792  49.756005  52.004380   
15     60.0  50.973894  4.656052  43.165833  47.560000  49.722083  53.017547   
16     60.0  50.284091  4.371158  43.283333  47.198125  49.025417  52.374583   
17     60.0  50.046329  3.809167  43.905000  47.050833  49.937876  51.700208   
18     60.0  49.662119  4.108714  43.630000  46.847366  48.952751  52.300833   
19     61.0  49.798773  3.427999  43.213333  47.057500  49.425833  51.962500   
20     61.0  50.397925  3.626121  44.500000  47.984167  50.130108  52.223342   
21     61.0  50.059115  3.862347  42.376667  47.529837  49.801903  52.770000   
22     61.0  49.437212  3.197047  43.166205  47.548333  49.047500  50.861667   
23     61.0  48.919713  4.091202  40.963211  46.147500  48.260000  51.359167   

            max  
hist             
00    63.604341  
01    58.591326  
02    64.974167  
03    58.551667  
04    57.630833  
05    57.001667  
06    61.183639  
07    57.056761  
08    56.958333  
09    67.061667  
10    58.639167  
11    65.507513  
12    64.489167  
13    66.615706  
14    62.378333  
15    67.691011  
16    62.693333  
17    65.050833  
18    62.000833  
19    60.399167  
20    62.205000  
21    60.613333  
22    60.922500  
23    59.585000  

japaneast
      count       mean       std        min        25%        50%        75%  \
hist                                                                           
00     61.0  60.956307  7.638450  47.821667  55.040833  61.547500  67.595496   
01     61.0  61.010049  8.135985  47.603333  54.281667  60.531667  68.817500   
02     61.0  60.664279  8.121947  44.472038  54.560833  61.579167  68.149167   
03     61.0  61.545447  7.736932  48.025000  54.795000  61.639167  69.040833   
04     61.0  61.462667  7.743069  48.385000  54.202500  62.383333  68.834167   
05     61.0  61.162816  8.139413  46.405833  53.904167  60.521667  68.786042   
06     61.0  60.813270  8.286989  47.272500  53.640000  60.879167  67.753333   
07     61.0  61.243200  8.628204  46.840000  54.463140  60.472500  69.454545   
08     61.0  61.655020  7.755870  48.149167  54.646667  60.501667  67.843333   
09     61.0  61.160050  8.263281  44.921667  53.699167  58.947500  69.216667   
10     60.0  62.559174  8.341084  48.814647  55.621667  62.709167  70.100108   
11     60.0  61.911118  7.786313  43.438333  54.891697  61.192083  69.455622   
12     60.0  63.019962  8.361479  46.062500  55.829514  61.914167  70.711814   
13     60.0  62.311784  8.020235  47.352500  55.233333  63.284716  69.973958   
14     60.0  62.697729  8.292355  49.454167  54.321667  64.138843  70.381042   
15     60.0  63.151557  8.765730  46.830065  55.203333  61.855833  70.164915   
16     60.0  63.050867  9.001853  47.121667  55.917292  60.732500  71.469116   
17     60.0  62.610915  7.518084  48.178333  56.293333  62.807083  68.927568   
18     60.0  62.386396  8.382399  45.221667  54.876458  63.503750  69.347651   
19     60.0  62.010707  8.710495  43.619167  54.806458  61.620417  70.317708   
20     60.0  61.649403  8.957324  46.964377  53.627083  62.346572  70.243542   
21     60.0  61.436423  8.239015  42.576667  54.155174  59.757083  69.598041   
22     60.0  61.540772  8.167646  45.272500  54.360625  61.588770  68.972708   
23     61.0  61.468446  8.189670  44.731394  53.643333  62.433333  68.776824   

            max  
hist             
00    74.467500  
01    79.875000  
02    73.130472  
03    76.280000  
04    74.996664  
05    77.767500  
06    74.959967  
07    77.462500  
08    80.206839  
09    74.299167  
10    78.359361  
11    73.680869  
12    77.047500  
13    77.495000  
14    75.989167  
15    79.889816  
16    81.073919  
17    80.203503  
18    75.062500  
19    75.664167  
20    80.910000  
21    74.982485  
22    73.567139  
23    75.273183  

germanywestcentral
      count       mean       std        min        25%        50%        75%  \
hist                                                                           
00     61.0  50.842933  4.473473  43.534167  47.490000  49.815000  53.125000   
01     61.0  49.884855  3.653165  42.774979  47.724311  50.248120  51.787156   
02     61.0  50.658647  3.834081  42.973333  48.123333  50.101667  52.131868   
03     60.0  50.740244  4.337396  43.023333  47.489821  49.906250  52.712083   
04     60.0  50.383276  4.123666  43.074167  47.539822  49.654267  53.125417   
05     60.0  51.382220  5.952449  42.928064  47.649375  50.392007  52.538759   
06     60.0  50.071137  4.137266  43.472013  46.880208  48.919482  52.518542   
07     60.0  51.745574  4.827856  45.361204  48.215625  50.808750  53.215000   
08     60.0  50.677768  3.731039  44.191152  47.959792  50.438750  52.771458   
09     60.0  50.585586  4.262761  41.992494  48.132557  50.672083  52.214160   
10     60.0  51.673722  4.538515  44.945000  48.046875  51.429331  55.046042   
11     60.0  51.315415  4.529924  42.206897  48.593750  50.321198  52.978542   
12     60.0  52.730714  5.811120  44.754448  48.309432  52.240671  55.978750   
13     60.0  52.403268  5.025433  43.879498  49.132292  51.262917  55.332917   
14     60.0  51.798898  3.238747  45.113333  49.690339  51.630000  53.061250   
15     60.0  50.473521  3.497718  42.916597  48.201667  50.306937  52.921453   
16     61.0  51.512281  4.457149  44.310518  48.523333  50.740000  54.168333   
17     61.0  52.426476  4.724126  43.774167  49.213333  51.745000  54.498333   
18     61.0  51.267351  5.627757  41.883272  46.922500  50.929167  54.796667   
19     61.0  51.625969  4.773383  43.032500  47.719167  51.086667  54.929167   
20     61.0  50.836309  4.192339  45.039167  48.352500  50.600000  52.560000   
21     61.0  51.504119  4.665542  43.876667  48.495833  51.047500  53.377500   
22     61.0  51.421371  3.773569  43.736667  48.790833  51.168333  53.498331   
23     61.0  51.743530  5.048094  43.061667  48.378333  50.965225  53.737500   

            max  
hist             
00    66.388333  
01    63.458333  
02    61.155000  
03    62.288333  
04    64.484167  
05    77.688539  
06    62.121667  
07    67.342500  
08    60.668333  
09    71.037500  
10    64.429167  
11    65.721667  
12    72.200000  
13    70.464167  
14    64.940000  
15    59.993007  
16    67.060000  
17    67.902500  
18    70.909167  
19    63.217500  
20    71.315833  
21    68.715000  
22    63.449167  
23    63.627500  

westus
      count       mean        std        min        25%        50%        75%  \
hist                                                                            
00     60.0  71.561029   3.670661  60.972093  69.223014  71.746649  73.646151   
01     60.0  72.084811   3.220359  63.249167  70.068261  72.201323  73.862334   
02     60.0  71.736380   3.817157  62.999167  69.334002  71.800417  74.013958   
03     60.0  71.973951   4.008839  62.326230  69.076042  71.738750  75.161875   
04     60.0  71.922447   3.668585  65.934167  68.614792  71.973750  74.514792   
05     60.0  72.076443   4.185011  58.675000  69.792708  71.959566  75.107708   
06     60.0  71.826129   4.002520  62.821429  68.973719  71.778750  74.483556   
07     61.0  73.098525   3.654365  63.149167  70.823333  73.145833  75.307500   
08     61.0  73.394804   3.699399  65.317500  70.903333  73.238532  75.588752   
09     61.0  73.116636   4.684197  62.747500  70.078856  73.590000  76.025000   
10     61.0  73.506725   3.425474  66.710630  70.840359  73.256667  75.177951   
11     61.0  74.146890  11.254475  65.062559  70.483333  73.234310  75.140000   
12     61.0  73.240616   4.229383  62.758890  70.519167  73.327160  75.435833   
13     61.0  73.339156   6.714114  62.807175  70.290000  72.354167  75.485833   
14     61.0  72.312857   3.636763  61.125926  70.157715  71.880833  74.627500   
15     61.0  72.484336   3.354387  62.689175  70.570552  72.819247  75.265000   
16     61.0  73.625127   4.096065  67.571667  70.784167  72.756667  76.244700   
17     61.0  73.135956   3.531181  64.716172  70.373333  73.233333  74.931667   
18     60.0  72.412427   3.468246  66.411667  69.772697  72.377917  74.431458   
19     60.0  72.027261   2.945449  67.129630  69.609966  71.892815  74.006875   
20     60.0  74.088375  13.187692  62.211538  69.483125  71.971250  75.762057   
21     60.0  71.721016   3.449890  62.441331  69.761042  71.614167  73.435847   
22     60.0  71.914404   3.961015  64.362319  69.090417  71.804190  74.738125   
23     60.0  72.600688   3.154654  63.595833  70.876667  72.602049  74.631458   

             max  
hist              
00     80.775000  
01     78.631119  
02     82.496795  
03     83.267057  
04     80.116667  
05     80.765833  
06     83.130833  
07     81.008333  
08     81.906667  
09     88.468333  
10     82.050699  
11    156.058333  
12     84.510000  
13    115.412500  
14     80.078333  
15     79.014567  
16     92.866429  
17     84.346535  
18     80.842500  
19     80.511385  
20    168.817500  
21     79.539167  
22     81.817500  
23     80.514382  

uksouth
      count       mean       std        min        25%        50%        75%  \
hist                                                                           
00     61.0  55.666841  5.142429  44.974167  52.231667  54.931667  57.970833   
01     61.0  57.049507  5.253405  44.091667  54.350000  56.125000  59.035000   
02     60.0  57.325422  6.173987  46.273333  53.814696  55.683750  59.911042   
03     60.0  57.295057  5.080071  46.184167  54.486042  56.364295  59.428750   
04     60.0  57.374080  5.155002  48.576667  54.009929  55.994583  59.862917   
05     60.0  57.036847  5.197493  46.474592  54.415887  55.561250  58.808750   
06     60.0  56.823189  4.053052  49.022472  54.381476  55.994994  58.147917   
07     60.0  57.494257  5.879343  47.341667  54.186667  56.177151  59.136875   
08     60.0  57.459978  4.988367  48.961789  54.518165  57.017089  59.179287   
09     60.0  57.518732  4.822068  48.932384  54.066042  57.655524  59.752716   
10     60.0  58.522455  5.227394  50.005833  54.515000  57.312917  61.985601   
11     60.0  58.094484  4.809679  49.436667  54.881667  57.427092  60.302500   
12     60.0  58.826844  4.859253  51.803005  55.259375  57.995000  60.936250   
13     60.0  58.104417  5.160871  51.618333  54.682067  57.387500  60.387589   
14     60.0  57.851660  5.628641  48.359167  54.717500  57.357917  59.896042   
15     61.0  57.666158  5.655092  46.678333  53.552500  56.715833  60.805000   
16     61.0  57.935825  5.574966  49.985000  54.208855  57.129167  60.995000   
17     61.0  57.898790  5.076916  49.831386  54.999167  56.508333  58.799833   
18     61.0  58.070951  4.919249  49.630833  54.932218  57.603333  60.187500   
19     61.0  57.768219  5.627651  48.372911  54.355000  56.795000  59.592500   
20     61.0  57.142962  5.258403  47.970000  54.313051  56.670000  59.136667   
21     61.0  57.606321  5.141321  46.740000  53.843333  57.135833  59.705833   
22     61.0  57.753931  5.475787  46.769167  54.125833  56.550582  59.564637   
23     61.0  56.323809  4.767385  46.660000  53.318296  55.759167  58.980801   

            max  
hist             
00    73.287740  
01    72.995000  
02    78.603333  
03    72.840833  
04    76.018333  
05    74.090833  
06    69.845833  
07    77.098415  
08    74.774812  
09    76.488333  
10    74.343096  
11    75.517098  
12    75.919099  
13    79.210833  
14    78.872394  
15    75.652134  
16    77.222686  
17    76.738912  
18    75.026667  
19    76.903091  
20    73.128655  
21    77.420217  
22    73.886572  
23    69.816361  

westus2
      count       mean        std        min        25%        50%        75%  \
hist                                                                            
00     60.0  73.597016   4.024505  65.275833  71.038364  73.044167  76.428119   
01     60.0  73.064871   3.597330  65.523333  70.483189  73.666771  75.473426   
02     60.0  72.636783   4.140427  64.250833  70.051458  72.629825  75.406773   
03     60.0  72.922020   4.446079  62.852814  70.031042  72.727500  75.051250   
04     60.0  71.965024   3.694234  64.610460  69.265428  71.945780  74.385000   
05     60.0  72.821264   5.014587  63.137900  68.661994  72.290286  76.767138   
06     60.0  73.227488   3.729734  66.426667  70.612917  72.722530  75.633199   
07     61.0  74.455425  11.466183  65.015833  70.429315  72.970000  75.998333   
08     61.0  73.173433   4.344410  63.553333  70.270677  72.770000  76.461153   
09     61.0  74.028480   4.016562  67.204167  70.904167  73.953255  76.557131   
10     61.0  72.130178   4.067170  64.156667  69.577500  71.924167  74.932500   
11     61.0  73.663564   3.737370  67.505000  70.688648  73.291379  75.367500   
12     61.0  73.835846   4.236948  66.422723  71.225000  73.707846  75.630217   
13     61.0  72.915594   4.312162  64.271893  70.039199  72.514190  75.359167   
14     61.0  73.280790   4.781705  64.447500  69.691667  72.979149  75.884167   
15     61.0  73.347848   4.235992  63.946488  70.366667  74.190476  76.019167   
16     61.0  72.477729   4.583909  62.735000  68.910610  72.241103  75.670559   
17     61.0  73.374002   4.678773  64.992228  69.990833  73.638796  76.033417   
18     60.0  72.506304   3.330327  63.641667  69.991247  72.339846  75.135951   
19     60.0  73.272529   3.738479  65.872500  71.139167  73.240259  74.957374   
20     60.0  72.684758   3.489427  65.651667  69.917500  72.783646  75.353933   
21     60.0  72.385967   3.451248  65.261667  70.116818  72.371766  74.614375   
22     60.0  72.696308   4.297830  60.496667  70.133418  72.796667  75.573603   
23     60.0  72.670961   3.574611  63.100167  70.900833  72.399167  75.012917   

             max  
hist              
00     85.005000  
01     81.158333  
02     82.645833  
03     87.048333  
04     79.394161  
05     88.084448  
06     81.537176  
07    157.544839  
08     81.853801  
09     84.410833  
10     82.559167  
11     82.724167  
12     85.292988  
13     84.682203  
14     85.410000  
15     81.390142  
16     85.157500  
17     86.464942  
18     79.227045  
19     86.809683  
20     79.492899  
21     80.339091  
22     81.406667  
23     82.728715  

