brazilsouth
      count       mean       std        min        25%        50%        75%  \
hist                                                                           
1       9.0  58.224441  4.495239  55.623599  56.386181  56.750985  56.986354   
2       9.0  57.464670  2.665340  54.793179  56.484237  57.069486  57.636500   
3       9.0  57.328705  1.500659  55.833279  56.038421  56.825965  58.480819   
4       9.0  57.785774  1.541166  54.742935  56.931187  58.205848  58.357216   
5       8.0  57.079593  0.922119  55.505553  56.714797  57.086473  57.705437   
6       8.0  56.233861  1.141143  54.781338  55.502222  55.900212  57.134622   
7       9.0  57.335437  3.361633  54.855495  55.916411  56.203643  57.519081   

            max  
hist             
1     69.864691  
2     64.025441  
3     60.269774  
4     59.676413  
5     58.285440  
6     57.820298  
7     65.970749  

australiaeast
      count       mean       std        min        25%        50%        75%  \
hist                                                                           
1       9.0  69.760801  3.045217  65.079420  67.289220  69.703276  71.691305   
2       9.0  70.021867  2.888982  66.135669  68.058615  70.223398  71.855069   
3       9.0  69.253264  3.357775  64.390249  67.440779  67.691474  72.954301   
4       9.0  69.784697  3.007909  66.368600  67.419609  67.990491  72.363310   
5       9.0  70.513365  2.709762  66.280738  68.876211  70.296464  73.036860   
6       8.0  69.107279  3.480937  64.122678  66.824671  69.216364  72.138336   
7       8.0  69.632935  3.786912  64.294566  66.571570  69.933434  72.621865   

            max  
hist             
1     73.855005  
2     75.469074  
3     73.302539  
4     74.559622  
5     73.338196  
6     73.303555  
7     74.308201  

eastus
      count       mean       std        min        25%        50%        75%  \
hist                                                                           
1       9.0  74.159253  1.660967  72.866838  73.226214  73.782759  74.274890   
2       9.0  73.837325  0.493193  73.137301  73.575877  73.847427  74.211971   
3       9.0  73.597498  0.813800  72.675384  72.842631  73.490234  74.284078   
4       9.0  73.563545  0.741255  72.624147  72.918373  73.272042  74.194144   
5       8.0  73.255908  0.276748  72.932580  73.100156  73.192172  73.353694   
6       8.0  72.417160  0.850781  71.297358  72.042525  72.347631  72.678699   
7       9.0  72.545949  0.560068  71.816107  72.133004  72.451757  73.034378   

            max  
hist             
1     78.359017  
2     74.465378  
3     75.006220  
4     74.687522  
5     73.826816  
6     73.793819  
7     73.436724  

centralindia
      count       mean       std        min        25%        50%        75%  \
hist                                                                           
1       9.0  50.553486  3.033109  47.997813  48.849771  49.445960  50.960069   
2       9.0  49.643103  1.352833  47.638196  49.083142  49.644240  50.084521   
3       9.0  49.730620  1.859250  47.533189  48.173919  49.593585  51.087967   
4       9.0  49.456226  1.558992  48.007532  48.460451  48.779534  50.097832   
5       9.0  49.595333  1.675706  47.316385  48.603717  49.204549  50.558850   
6       8.0  49.738278  0.829111  48.681001  48.935878  49.921761  50.182138   
7       8.0  49.434892  1.071637  48.539381  48.687819  49.058745  49.742271   

            max  
hist             
1     57.469654  
2     52.128636  
3     52.491509  
4     52.148340  
5     52.805146  
6     50.879331  
7     51.683225  

uksouth
      count       mean       std        min        25%        50%        75%  \
hist                                                                           
1       9.0  57.926516  4.254769  55.640418  55.958089  56.448994  57.205089   
2       9.0  58.075716  4.906703  54.797321  55.981729  56.670737  57.066606   
3       9.0  58.376902  4.832056  56.123537  56.315635  56.667503  57.652369   
4       9.0  58.190605  4.077467  55.222016  56.460563  57.625958  57.690208   
5       9.0  57.275151  2.675804  54.738598  55.992375  56.367743  57.338736   
6       8.0  56.691671  0.861117  55.863194  56.143679  56.325694  57.263622   
7       8.0  55.815206  0.783463  54.777847  55.250681  55.878675  56.276605   

            max  
hist             
1     69.035165  
2     70.913297  
3     71.151061  
4     68.744463  
5     63.571802  
6     58.331305  
7     57.081399  

germanywestcentral
      count       mean       std        min        25%        50%        75%  \
hist                                                                           
1       9.0  51.533505  3.782301  48.171620  49.684306  50.563542  51.178867   
2       9.0  51.708862  2.167122  49.395379  50.265884  51.138542  52.001881   
3       9.0  51.442525  2.120205  47.974097  50.447477  51.338671  52.779931   
4       9.0  51.302079  2.451625  47.981431  50.233198  50.478175  51.161736   
5       9.0  51.134098  2.243257  48.873306  50.002373  51.024132  51.317371   
6       8.0  51.236892  1.946136  49.479124  50.479079  50.747694  50.974503   
7       8.0  50.147035  1.963592  47.622951  48.788509  49.936663  51.119905   

            max  
hist             
1     60.446512  
2     56.206085  
3     55.363222  
4     56.159961  
5     56.334372  
6     55.843414  
7     53.762894  

japaneast
      count       mean       std        min        25%        50%        75%  \
hist                                                                           
1       9.0  62.722045  8.018749  52.280903  54.765447  68.742360  68.837787   
2       9.0  62.069263  6.938717  53.193851  56.286019  60.618472  68.559776   
3       9.0  61.524471  7.674311  54.404615  55.369052  55.615401  69.687000   
4       9.0  61.804583  7.861497  53.656977  55.645887  56.784621  69.702715   
5       9.0  61.168551  8.282550  53.127500  54.525280  55.020731  69.783730   
6       8.0  61.473369  8.072167  53.096582  54.209078  61.730592  69.007023   
7       8.0  61.390279  7.382441  53.755267  54.160307  61.837015  67.655488   

            max  
hist             
1     71.233695  
2     69.993892  
3     70.306554  
4     71.629112  
5     70.449023  
6     69.250079  
7     69.870987  

westus
      count       mean       std        min        25%        50%        75%  \
hist                                                                           
1       9.0  72.632664  0.991338  70.829022  72.411767  72.584631  73.217909   
2       9.0  72.788898  0.774115  71.423436  72.733109  72.789493  72.998237   
3       9.0  72.924991  1.094597  71.042659  72.819397  72.877454  73.623624   
4       9.0  73.257934  0.929011  72.253132  72.799812  73.178844  73.291122   
5       8.0  72.937648  1.427621  70.982944  71.989658  72.867788  73.627870   
6       8.0  72.191902  1.773082  70.055688  71.136819  72.097657  72.562939   
7       9.0  71.844961  1.648260  68.629239  71.191182  71.777738  72.819175   

            max  
hist             
1     74.075441  
2     74.082361  
3     74.236348  
4     75.402645  
5     75.628607  
6     75.716540  
7     74.700195  

westus2
      count       mean       std        min        25%        50%        75%  \
hist                                                                           
1       9.0  72.878491  2.152586  70.263566  71.109799  72.695555  74.527501   
2       9.0  73.020240  1.544864  70.950401  72.001579  73.386403  74.252491   
3       9.0  73.735553  2.242981  69.505929  73.258916  74.302813  75.073132   
4       9.0  73.313434  1.995041  70.207641  71.708816  74.343046  75.005127   
5       8.0  73.668983  1.480328  71.331233  73.027155  73.610314  74.505943   
6       8.0  72.181772  1.628000  70.070513  70.966045  72.275765  73.589753   
7       9.0  72.280032  1.621659  69.869933  71.775498  72.230409  73.261692   

            max  
hist             
1     76.639074  
2     75.537969  
3     76.193272  
4     75.143600  
5     76.035163  
6     74.001744  
7     74.568003  

