centralindia
      count      mean       std       min       25%       50%       75%  \
hist                                                                      
1       9.0  0.043295  0.188505 -0.141387 -0.077039 -0.018365  0.118764   
2       9.0  0.351297  0.296591 -0.041600  0.100548  0.335278  0.537854   
3       9.0 -0.376589  0.159563 -0.687461 -0.424444 -0.344563 -0.289548   
4       9.0 -0.353260  0.242671 -0.778619 -0.453262 -0.356202 -0.202054   
5       9.0 -0.071070  0.461453 -1.007707 -0.259054  0.182798  0.233694   
6       8.0  0.229151  0.193442 -0.159746  0.184705  0.303523  0.342133   
7       8.0  0.118686  0.212546 -0.086768 -0.019332  0.026248  0.224398   

           max  
hist            
1     0.414842  
2     0.824312  
3    -0.131887  
4     0.019368  
5     0.240777  
6     0.406686  
7     0.508721  

brazilsouth
      count      mean       std       min       25%       50%       75%  \
hist                                                                      
1       9.0  1.331847  2.581004 -1.100869 -0.510430  0.233021  2.896134   
2       9.0  0.289148  0.495252 -0.472538  0.031349  0.277199  0.677875   
3       9.0 -0.264219  0.795325 -1.915419 -0.501286  0.138588  0.220232   
4       9.0 -0.394799  1.681361 -3.476946 -1.388880  0.307853  0.886289   
5       8.0  0.310253  0.187692 -0.044556  0.268015  0.375115  0.422572   
6       8.0 -0.742954  0.728407 -2.099187 -1.033702 -0.514278 -0.298493   
7       9.0 -0.050942  0.840372 -0.876578 -0.616417 -0.346410  0.340290   

           max  
hist            
1     6.150122  
2     1.036704  
3     0.343016  
4     1.157785  
5     0.492671  
6     0.068848  
7     1.573647  

eastus
      count      mean       std       min       25%       50%       75%  \
hist                                                                      
1       9.0  0.388710  0.328971  0.048145  0.117718  0.320030  0.548526   
2       9.0  0.667565  0.191054  0.450941  0.501539  0.649969  0.784764   
3       9.0  0.339611  0.362825 -0.123335  0.009109  0.319392  0.650032   
4       9.0  0.171744  0.346620 -0.501020 -0.024711  0.246193  0.417150   
5       8.0  0.016287  0.152852 -0.154599 -0.088285 -0.027870  0.102944   
6       8.0 -0.975492  0.221033 -1.243540 -1.191572 -0.913075 -0.782688   
7       9.0 -0.658533  0.157494 -0.899728 -0.786488 -0.680949 -0.591133   

           max  
hist            
1     1.004304  
2     1.036029  
3     0.934083  
4     0.590023  
5     0.280679  
6    -0.758443  
7    -0.376540  

australiaeast
      count      mean       std       min       25%       50%       75%  \
hist                                                                      
1       9.0  0.090497  0.311836 -0.589911  0.054128  0.254942  0.268142   
2       9.0 -0.099394  0.734265 -0.955949 -0.813263 -0.082710  0.363974   
3       9.0 -0.166858  0.368355 -0.670706 -0.484618 -0.130265  0.052106   
4       9.0 -0.514394  0.740398 -1.371159 -1.090215 -0.679150 -0.016176   
5       9.0  0.935391  0.639653  0.424286  0.535138  0.557668  1.221646   
6       8.0 -0.426039  0.748103 -1.937794 -0.641718 -0.051943  0.042597   
7       8.0  0.394441  0.610092 -0.764699  0.113188  0.701161  0.841589   

           max  
hist            
1     0.294542  
2     1.043587  
3     0.433909  
4     0.860116  
5     2.204430  
6     0.154767  
7     0.853102  

germanywestcentral
      count      mean       std       min       25%       50%       75%  \
hist                                                                      
1       9.0 -0.890469  0.516026 -1.954184 -1.014466 -0.685834 -0.561200   
2       9.0  0.133915  0.280821 -0.313846 -0.049568  0.185877  0.334436   
3       9.0  1.088496  0.278068  0.763923  0.988792  1.039685  1.080097   
4       9.0  1.035273  0.975858 -0.107294  0.267879  0.767887  1.508501   
5       9.0  0.185074  0.409687 -0.227851 -0.033511 -0.014159  0.334699   
6       8.0 -0.160293  0.327194 -0.479824 -0.416783 -0.288668  0.086749   
7       8.0 -1.179906  0.901864 -2.975959 -1.343557 -0.988499 -0.647924   

           max  
hist            
1    -0.433767  
2     0.535214  
3     1.693506  
4     2.842262  
5     1.009446  
6     0.361178  
7    -0.169759  

westus
      count      mean       std       min       25%       50%       75%  \
hist                                                                      
1       9.0 -0.164786  0.065014 -0.233901 -0.216296 -0.180854 -0.135856   
2       9.0  0.091866  0.348714 -0.596265 -0.062233  0.299433  0.330959   
3       9.0  0.351102  0.397523 -0.480599  0.293919  0.466553  0.656571   
4       9.0  0.565776  0.242952  0.329164  0.380210  0.516130  0.688152   
5       8.0 -0.055390  0.054088 -0.126608 -0.103476 -0.052724 -0.015164   
6       8.0 -0.832722  0.371555 -1.166031 -1.126501 -0.972831 -0.586356   
7       9.0 -0.044429  0.337166 -0.386164 -0.257291 -0.166775  0.101733   

           max  
hist            
1    -0.032666  
2     0.351945  
3     0.692809  
4     1.024438  
5     0.029120  
6    -0.211179  
7     0.621817  

japaneast
      count      mean       std       min       25%       50%       75%  \
hist                                                                      
1       9.0 -0.438976  0.179216 -0.867391 -0.383498 -0.357790 -0.340459   
2       9.0  0.005709  0.353025 -0.466832 -0.267813 -0.063473  0.354157   
3       9.0  0.462062  0.220424  0.282902  0.337419  0.381745  0.438099   
4       9.0  1.561355  0.355375  0.983123  1.343104  1.597573  1.840460   
5       9.0  0.169420  0.321054 -0.247135 -0.159348  0.203531  0.312870   
6       8.0 -0.848393  0.436717 -1.339092 -1.155921 -0.916184 -0.623266   
7       8.0 -0.960813  0.580568 -2.017757 -1.270220 -0.706141 -0.550882   

           max  
hist            
1    -0.335588  
2     0.386445  
3     0.960762  
4     2.023141  
5     0.697567  
6    -0.105476  
7    -0.442751  

uksouth
      count      mean       std       min       25%       50%       75%  \
hist                                                                      
1       9.0 -0.419102  0.481796 -1.251750 -0.746294 -0.263635 -0.134560   
2       9.0  0.665944  0.713842 -0.195262  0.094918  0.407437  1.160787   
3       9.0  1.116239  0.948131  0.260775  0.346479  0.838368  1.410004   
4       9.0  0.820861  0.565617 -0.075174  0.568007  0.867416  1.184382   
5       9.0 -0.921075  0.630222 -2.159208 -1.223893 -0.635166 -0.457468   
6       8.0 -0.110297  0.067994 -0.189769 -0.160315 -0.109560 -0.083925   
7       8.0 -1.035324  0.713293 -2.430939 -1.288737 -0.687711 -0.568584   

           max  
hist            
1     0.198353  
2     1.758737  
3     3.009269  
4     1.715251  
5    -0.397568  
6     0.010963  
7    -0.462818  

westus2
      count      mean       std       min       25%       50%       75%  \
hist                                                                      
1       9.0 -0.217056  0.466049 -1.113127 -0.460698 -0.206729  0.134637   
2       9.0  0.080020  0.143661 -0.163780 -0.023647  0.097360  0.190927   
3       9.0  0.295894  0.835406 -0.654140 -0.245910  0.003958  0.712482   
4       9.0  0.454435  0.515982 -0.482761  0.128397  0.741239  0.821382   
5       8.0  0.830544  0.477393  0.338164  0.444033  0.754106  1.029885   
6       8.0 -0.975328  0.489390 -1.708863 -1.386127 -0.770090 -0.570134   
7       9.0 -0.717847  0.800810 -1.988206 -1.176590 -0.711802 -0.280049   

           max  
hist            
1     0.286541  
2     0.309805  
3     1.872493  
4     0.927913  
5     1.728642  
6    -0.537810  
7     0.560892  

