brazilsouth
      count      mean       std        min       25%       50%       75%  \
hist                                                                       
00     60.0 -0.284554  1.653766  -3.607212 -1.465108 -0.255809  1.044203   
01     60.0 -0.057179  1.358338  -2.859683 -0.725906 -0.252207  1.055725   
02     60.0  0.008081  1.488890  -3.147844 -0.903108 -0.416848  1.020942   
03     60.0 -0.022116  1.212942  -2.210082 -1.045325 -0.127304  0.799651   
04     60.0 -0.839765  1.560002  -4.049379 -1.842555 -0.895996  0.013236   
05     60.0 -1.147145  1.526735  -3.933777 -2.283907 -1.337359  0.168662   
06     60.0 -0.241067  1.495104  -4.357116 -1.138452 -0.245917  0.810080   
07     60.0  0.353636  1.270508  -2.736463 -0.358662  0.610404  1.222631   
08     60.0 -0.284778  1.646344  -3.008777 -1.628827  0.067546  0.611224   
09     60.0 -0.616995  1.979935  -4.871501 -1.842517 -0.461289  0.177035   
10     60.0  0.800728  1.812432  -2.616353 -0.363424  1.004397  2.060222   
11     61.0  0.154202  2.581152 -10.377005 -0.794343  0.297999  1.606780   
12     61.0  0.628091  1.811028  -2.523444 -0.396494  0.610580  1.655638   
13     61.0  0.650957  2.341024  -2.770450 -0.838902  0.413738  1.427590   
14     61.0  0.145843  2.474213 -11.507609 -0.635327  0.452270  1.593275   
15     61.0  0.747900  2.036804  -3.047650 -0.444293  0.919561  1.962753   
16     61.0  0.886084  2.431394  -4.160170 -0.943046  0.760006  2.638020   
17     61.0  0.092408  2.662619  -4.937838 -1.120970 -0.571656  0.812780   
18     61.0 -0.034215  2.141594  -3.470143 -1.475529 -0.253453  1.281136   
19     61.0  0.241706  1.397028  -3.270688 -0.549313  0.557972  1.039930   
20     61.0 -0.491422  1.753069  -3.769216 -1.706418 -0.562334  0.906005   
21     61.0 -0.434595  1.370513  -3.379387 -1.368060 -0.300885  0.495297   
22     60.0  0.154376  1.771935  -3.841823 -1.019627  0.296807  1.187176   
23     60.0 -0.612810  1.783301  -4.924628 -1.626591 -0.682101  0.791341   

            max  
hist             
00     2.581240  
01     3.441647  
02     3.364991  
03     2.944120  
04     3.157565  
05     2.487308  
06     2.366007  
07     2.733360  
08     3.898987  
09     4.776401  
10     6.934779  
11     4.758707  
12     5.803963  
13    10.323667  
14     3.329699  
15     5.081996  
16     6.314621  
17     8.068301  
18     5.765948  
19     2.840652  
20     3.448056  
21     1.917189  
22     5.141028  
23     2.394585  

australiaeast
      count      mean       std       min       25%       50%       75%  \
hist                                                                      
00     61.0 -0.174776  1.727997 -4.343134 -1.237787 -0.577456  0.769229   
01     61.0  0.669134  2.080153 -4.696326 -0.712110  0.711162  1.759017   
02     61.0 -0.645437  2.622015 -5.033156 -2.658811 -1.083404  0.756271   
03     61.0 -0.253159  1.531994 -3.873207 -1.040189 -0.145580  0.677876   
04     61.0 -1.104469  1.449028 -4.377294 -1.927250 -0.802871  0.035136   
05     61.0 -0.177012  2.234696 -4.634412 -1.552749 -0.141581  1.236064   
06     61.0 -0.366416  2.347443 -4.747581 -2.385061  0.181978  1.607531   
07     61.0 -0.000294  1.319586 -2.934063 -1.047724  0.360220  0.782685   
08     61.0 -0.204104  2.101442 -4.397280 -1.541198 -0.682339  1.280481   
09     61.0  0.647883  1.779786 -3.612774 -0.418775  0.546129  2.181357   
10     61.0  0.139847  1.633085 -4.009961 -0.896897  0.012595  1.215765   
11     60.0 -0.286830  1.782271 -3.869562 -1.597147 -0.262363  1.075185   
12     60.0  0.619257  1.842456 -2.853753 -0.824635  0.551362  1.703787   
13     60.0 -0.192508  1.723190 -3.926542 -1.444870  0.057050  0.946692   
14     60.0  1.934268  1.546537 -0.714147  0.725424  1.761618  3.279342   
15     60.0  0.288411  1.898213 -6.908301 -0.837892  0.423012  1.567850   
16     60.0  0.405776  1.782485 -2.963218 -0.913510  0.367345  1.541746   
17     60.0 -0.234176  1.851269 -5.383960 -1.706057 -0.428651  1.104795   
18     60.0 -0.145009  2.277908 -5.961501 -1.529412 -0.155632  1.118515   
19     60.0 -0.047783  2.217041 -3.756371 -1.506573 -0.381349  1.289647   
20     60.0 -0.478412  1.757583 -4.356823 -1.575873 -0.178180  0.436276   
21     60.0 -0.531666  1.595006 -4.036467 -1.487399 -0.586224  0.795148   
22     60.0 -0.331213  2.289652 -6.120409 -1.765321 -0.328312  1.069968   
23     60.0  0.606340  2.697071 -3.592915 -1.139954  0.222591  1.415176   

           max  
hist            
00    6.483166  
01    6.171643  
02    5.726176  
03    3.721644  
04    1.411377  
05    4.302099  
06    4.279518  
07    2.650888  
08    4.466493  
09    3.614305  
10    5.181468  
11    3.504761  
12    5.536182  
13    3.233192  
14    5.105245  
15    3.600585  
16    4.986851  
17    3.406850  
18    4.851653  
19    5.298430  
20    4.085835  
21    2.263398  
22    4.342279  
23    8.859658  

eastus
      count      mean       std       min       25%       50%       75%  \
hist                                                                      
00     60.0 -0.783208  1.641151 -4.639502 -1.898308 -0.780233  0.501882   
01     60.0  0.335003  1.566201 -2.745726 -0.741428  0.247658  1.190051   
02     60.0 -0.660856  1.564938 -2.859138 -1.693385 -0.678331  0.009588   
03     60.0 -0.468459  1.136967 -2.884830 -1.280366 -0.569156  0.225664   
04     60.0  0.411397  1.704255 -2.362526 -1.085519  0.418783  1.618850   
05     60.0 -0.678227  1.329840 -3.907691 -1.625473 -0.621500  0.263085   
06     60.0  0.343243  1.279592 -1.540896 -0.693214  0.028807  1.299080   
07     60.0 -0.064003  1.198218 -4.067307 -0.843668  0.059904  0.857720   
08     60.0 -0.416892  1.122729 -2.845755 -0.951393 -0.603819 -0.018460   
09     60.0  0.369205  1.299020 -2.670477 -0.256874  0.378186  1.353277   
10     61.0  0.775958  1.737845 -2.123365 -0.323056  0.464011  1.667522   
11     61.0  0.827965  1.570599 -2.909652 -0.158083  0.617104  1.900781   
12     61.0  0.665952  1.427733 -2.556677 -0.548317  0.885744  1.685093   
13     61.0  0.115072  1.596318 -3.993931 -0.886465  0.248295  1.210059   
14     61.0 -0.378383  1.832557 -3.195505 -1.747705 -0.777673  1.333920   
15     61.0  0.095430  1.784380 -3.552711 -1.349630  0.041965  1.367813   
16     61.0  0.351568  1.744415 -3.874633 -0.589757  0.445117  1.664326   
17     61.0  0.553802  1.896738 -3.353238 -0.623471  0.489761  1.753722   
18     61.0  0.634031  1.493508 -2.045036 -0.416026  0.376443  1.265353   
19     61.0  0.896442  1.662916 -2.387448  0.046953  0.725783  2.041271   
20     61.0 -0.755583  1.554979 -5.315962 -1.630012 -0.705461  0.278320   
21     60.0 -0.952948  1.712026 -4.557736 -2.304040 -0.256351  0.503179   
22     60.0 -1.101051  1.268279 -3.445769 -1.948174 -1.001135 -0.016283   
23     60.0 -0.253456  1.104223 -3.219562 -0.676771 -0.169930  0.324142   

           max  
hist            
00    1.798864  
01    4.007644  
02    6.208578  
03    2.062522  
04    4.308309  
05    1.721471  
06    3.611282  
07    1.697260  
08    2.522796  
09    3.051536  
10    5.782770  
11    4.635632  
12    3.188164  
13    5.351623  
14    3.227102  
15    4.089692  
16    3.553433  
17    5.929807  
18    5.712126  
19    4.593820  
20    2.239728  
21    1.674254  
22    1.354930  
23    1.738980  

centralindia
      count      mean       std       min       25%       50%       75%  \
hist                                                                      
00     61.0  0.067346  1.130863 -2.044299 -0.707139 -0.055444  0.342540   
01     61.0 -0.435258  1.856640 -3.468217 -1.561080 -0.809276  0.421164   
02     61.0 -0.186394  1.435594 -2.741405 -0.934371 -0.212465  0.543270   
03     61.0 -0.292642  2.107247 -7.252093 -1.231542  0.208070  1.039629   
04     61.0 -0.632401  1.806240 -5.945394 -1.827229 -0.669065  0.714972   
05     61.0 -0.594711  1.761754 -4.375401 -1.878420 -1.019552  0.649911   
06     60.0 -0.277970  1.788729 -3.709999 -1.683280 -0.526644  0.744536   
07     60.0 -0.434009  1.184886 -2.998176 -1.370335 -0.326956  0.361386   
08     60.0 -0.834859  1.553358 -4.391836 -1.881591 -0.379314  0.338785   
09     60.0  0.526377  1.327802 -4.117539 -0.222846  0.407338  1.387770   
10     60.0  0.793424  1.390843 -2.425686 -0.103445  0.586343  1.682996   
11     60.0  0.222415  1.889900 -5.046107 -0.914846  0.488844  1.481539   
12     60.0  0.431934  2.982649 -5.806613 -1.297934 -0.153498  2.030096   
13     60.0  0.919667  1.635750 -3.601653  0.100909  1.006941  1.855156   
14     60.0  0.555449  1.709122 -2.118926 -0.660318  0.154781  1.549753   
15     60.0  1.044107  2.185960 -1.526344 -0.145129  0.488792  1.798042   
16     60.0 -0.215675  1.921877 -4.119321 -1.676799 -0.108577  0.810015   
17     60.0  0.104464  1.393582 -3.168765 -0.787916 -0.125796  1.122543   
18     60.0  0.249472  2.420681 -3.932925 -1.362051 -0.270683  1.479980   
19     61.0 -0.085409  1.255257 -3.208473 -1.063951 -0.127852  0.918638   
20     61.0  0.419066  1.562859 -2.628772 -0.751266  0.520572  1.551570   
21     61.0  0.117405  1.725315 -4.128094 -0.757082  0.285979  0.963493   
22     61.0 -0.367831  1.601936 -4.652222 -1.391483 -0.142430  0.758931   
23     61.0 -1.283014  1.761593 -4.562066 -2.695886 -1.437134 -0.327197   

            max  
hist             
00     3.437395  
01     3.547149  
02     5.776318  
03     3.006998  
04     3.295465  
05     4.231003  
06     4.064231  
07     1.671496  
08     1.577907  
09     2.987799  
10     3.698489  
11     3.165525  
12     7.595221  
13     4.313796  
14     5.475414  
15    10.927935  
16     6.743760  
17     3.309597  
18     5.442885  
19     2.207757  
20     3.706007  
21     3.904540  
22     2.270505  
23     3.556950  

japaneast
      count      mean       std       min       25%       50%       75%  \
hist                                                                      
00     61.0 -1.032150  2.328632 -5.643085 -2.643749 -1.022504  0.548304   
01     61.0 -0.519989  1.804517 -4.393508 -1.517713 -0.300928  0.683507   
02     61.0 -0.862829  1.360107 -4.297002 -1.580583 -0.875551 -0.268920   
03     61.0 -0.256276  2.985734 -9.137852 -1.672752 -0.147510  1.564695   
04     61.0 -0.340832  1.467407 -2.863700 -1.529626 -0.183434  0.742263   
05     61.0 -0.715842  1.399051 -3.341496 -1.778606 -0.726183  0.303862   
06     61.0 -0.655537  2.405876 -4.695500 -2.466697 -0.631151  1.377516   
07     61.0 -0.153951  2.198517 -4.365827 -1.677264 -0.074938  1.242952   
08     61.0 -0.070102  1.600862 -3.488824 -1.107404 -0.087263  0.987934   
09     61.0 -0.461210  1.443351 -4.134213 -1.426224 -0.396345  0.549957   
10     60.0  0.490432  1.808221 -2.433675 -0.698664 -0.157695  1.752264   
11     60.0  0.237250  1.396321 -2.828150 -0.866205  0.383523  0.994771   
12     60.0  1.411026  1.881007 -2.141862 -0.037591  1.156598  2.981537   
13     60.0 -0.176660  1.905123 -4.418787 -1.108585  0.104574  0.754051   
14     60.0  0.440998  1.678376 -3.024942 -0.497571  0.580992  1.334540   
15     60.0  0.950353  2.567756 -6.598570 -0.711984  0.549254  3.061404   
16     60.0  1.206503  1.808673 -3.304585  0.362444  1.416780  2.335376   
17     60.0  0.701505  1.616191 -2.790131 -0.498837  0.476450  1.764096   
18     60.0  0.347159  1.481242 -3.050421 -0.998602  0.665496  1.390699   
19     60.0  0.604558  1.815272 -4.070002 -0.851124  0.536363  2.020492   
20     60.0 -0.372495  2.132234 -5.113882 -1.647961 -0.438572  0.941396   
21     60.0  0.236624  1.220838 -2.919769 -0.369222  0.367089  1.088442   
22     60.0 -0.024288  2.242061 -5.724283 -1.519951 -0.312486  2.145380   
23     61.0 -1.001672  1.758247 -5.210719 -2.036726 -1.206341  0.156915   

           max  
hist            
00    3.584885  
01    3.674481  
02    2.726321  
03    4.771066  
04    3.342501  
05    2.292219  
06    4.468756  
07    6.615352  
08    2.795024  
09    2.246152  
10    5.693549  
11    2.843485  
12    5.559609  
13    4.989812  
14    4.951398  
15    5.939760  
16    4.608614  
17    4.609908  
18    3.326317  
19    4.339335  
20    4.688025  
21    2.528166  
22    3.673674  
23    2.879173  

germanywestcentral
      count      mean       std       min       25%       50%       75%  \
hist                                                                      
00     61.0 -0.267872  1.882396 -5.636360 -1.703803 -0.291059  1.357937   
01     61.0 -1.099058  1.795362 -5.682804 -2.119872 -1.058728  0.112859   
02     61.0 -0.377025  1.225738 -2.847855 -1.164182 -0.623162  0.534399   
03     60.0 -0.482033  2.044819 -5.091554 -1.550783 -0.533176  1.008755   
04     60.0 -1.026414  1.642402 -4.966302 -1.918853 -0.912170  0.108548   
05     60.0 -0.953032  1.676339 -5.372941 -2.021855 -0.683958  0.383074   
06     60.0 -1.331494  1.509585 -4.462060 -2.282149 -1.423848 -0.160347   
07     60.0  0.637676  1.828178 -2.376679 -0.410098  0.579915  1.489231   
08     60.0 -0.247728  2.034650 -6.277743 -1.696235 -0.485595  1.060956   
09     60.0 -0.354252  1.664324 -4.283256 -1.205446 -0.247983  0.556678   
10     60.0  1.110056  2.368403 -2.164516 -0.518002  0.632977  2.716719   
11     60.0  0.378575  1.310867 -2.347459 -0.427163  0.412157  1.198781   
12     60.0  1.047280  2.053471 -3.481032 -0.236132  1.159978  2.271499   
13     60.0  0.271738  2.074928 -4.168365 -0.839968  0.203003  1.208132   
14     60.0  0.898253  1.183846 -2.621573  0.232895  1.094606  1.636297   
15     60.0 -0.535191  1.386217 -3.463467 -1.695048 -0.636854  0.649240   
16     61.0  0.483863  2.156762 -5.708895 -1.075050  0.227467  1.649857   
17     61.0  1.328706  1.881386 -2.226642  0.174131  1.254181  2.396754   
18     61.0 -0.380541  2.568457 -6.847221 -2.131762 -0.340958  1.108278   
19     61.0 -0.047953  1.730078 -3.794933 -1.196571  0.026446  0.901778   
20     61.0 -0.358144  1.213423 -4.120675 -0.882982 -0.171366  0.174979   
21     61.0  0.110159  1.694185 -2.740198 -1.221791 -0.052100  1.039923   
22     61.0  0.702529  2.089599 -6.766066 -0.390800  0.724824  2.157138   
23     61.0  0.358610  1.397641 -2.625643 -0.443018  0.153105  1.205005   

           max  
hist            
00    2.831908  
01    2.597999  
02    2.106370  
03    3.414074  
04    2.154992  
05    1.367466  
06    2.453304  
07    7.231956  
08    4.986664  
09    3.167355  
10    7.075960  
11    4.386903  
12    6.863713  
13    5.704887  
14    3.392746  
15    2.028463  
16    6.240511  
17    6.453633  
18    5.109118  
19    4.498961  
20    3.359476  
21    5.222359  
22    4.543106  
23    3.819083  

westus
      count      mean        std       min       25%       50%       75%  \
hist                                                                       
00     60.0 -0.736337   1.588569 -2.855437 -1.721866 -1.062148 -0.284622   
01     60.0 -0.371581   1.361099 -2.486365 -1.317880 -0.438895  0.579147   
02     60.0 -0.691742   2.072304 -6.889016 -1.757348 -0.725521  0.386234   
03     60.0 -1.043106   1.878354 -4.369702 -2.485019 -1.350638  0.387784   
04     60.0 -1.099452   2.134137 -5.770846 -2.460372 -0.906222  0.334759   
05     60.0 -0.024549   1.700457 -3.359247 -1.289123  0.019026  0.831921   
06     60.0 -1.236575   1.968826 -5.364434 -2.490007 -1.081949  0.022910   
07     61.0  0.455588   1.877262 -3.721620 -0.880272  0.889526  1.863265   
08     61.0  0.791645   2.194657 -4.904632 -0.252402  1.245099  1.889745   
09     61.0 -0.264397   2.378259 -5.115991 -1.755742  0.148782  1.494390   
10     61.0  0.293049   2.224367 -4.621396 -0.947604  0.219697  1.269114   
11     61.0  0.653810   2.171164 -3.910548 -0.936637  1.057582  2.305218   
12     61.0 -0.073197   2.015330 -6.385152 -0.600617  0.112530  1.264050   
13     61.0  0.292408   2.058241 -3.440189 -1.037284 -0.033964  2.028763   
14     61.0 -0.174130   2.667668 -5.702179 -1.776597 -0.132380  0.934445   
15     61.0  0.301910   1.499103 -2.539157 -0.989183  0.364010  1.523255   
16     61.0  0.715325   2.172175 -4.130112 -0.911261  0.726613  2.269285   
17     61.0 -0.295785   1.740384 -4.899623 -1.337146 -0.286540  1.451842   
18     60.0 -0.522873   2.176346 -5.523008 -2.274438 -0.951823  1.372669   
19     60.0 -0.511226   1.876560 -5.164120 -1.697593 -0.034185  0.677023   
20     60.0  4.989564  17.574593 -3.994374 -1.539254 -0.048272  2.356576   
21     60.0 -0.676758   2.157964 -6.640675 -1.974104 -0.852478  0.707314   
22     60.0 -0.713015   1.559841 -4.303254 -1.612582 -0.464664  0.338639   
23     60.0 -0.072056   1.741112 -6.222754 -0.779443  0.307061  0.923885   

            max  
hist             
00     5.029508  
01     4.188446  
02     3.320492  
03     3.394134  
04     2.480474  
05     3.879944  
06     2.568781  
07     3.745632  
08     4.907454  
09     3.390999  
10     5.511843  
11     4.561796  
12     3.327737  
13     4.477857  
14     6.635454  
15     3.278147  
16     5.461370  
17     2.208385  
18     3.710128  
19     3.635889  
20    92.241803  
21     4.113082  
22     2.225079  
23     2.321634  

uksouth
      count      mean       std       min       25%       50%       75%  \
hist                                                                      
00     61.0 -2.098841  1.620254 -5.399853 -3.144773 -2.241195 -1.101928   
01     61.0 -0.309813  2.459919 -8.957841 -1.619400 -0.371775  1.577366   
02     60.0  0.234133  2.600923 -6.003278 -1.297697  0.440668  2.115555   
03     60.0 -0.542523  1.733495 -7.352882 -1.504789 -0.519576  0.586488   
04     60.0 -0.646941  1.999935 -4.329332 -2.443212 -0.581549  0.772889   
05     60.0 -0.101753  1.634018 -5.941401 -0.994513 -0.069310  0.889756   
06     60.0 -0.458669  1.620588 -3.260952 -1.387585 -0.705775  0.265220   
07     60.0 -0.443207  2.040743 -4.305451 -1.840100 -0.492526  0.739098   
08     60.0 -0.010760  1.941869 -3.288008 -1.557747 -0.223721  1.444123   
09     60.0  0.311856  1.770172 -4.512609 -0.681854  0.492645  1.534713   
10     60.0  0.928724  2.211973 -2.708650 -0.751437  0.512786  2.132792   
11     60.0  0.625405  1.792815 -3.476883 -0.357727  0.945282  2.106509   
12     60.0  0.427699  1.546071 -3.962357 -0.411248  0.561524  1.583354   
13     60.0  0.676655  1.715631 -2.940145 -0.183936  0.751742  1.835835   
14     60.0  0.664517  2.294838 -3.953964 -0.982672  0.467144  2.906859   
15     61.0 -0.473373  2.265112 -4.286747 -1.995523 -1.087878  1.120344   
16     61.0 -0.226406  2.213046 -4.395683 -1.651239 -0.471511  1.141138   
17     61.0  0.301232  2.396223 -5.906053 -1.054348  0.217844  0.810505   
18     61.0  0.640649  2.092030 -3.521994 -0.637941  0.952202  2.235172   
19     61.0  1.234448  2.003127 -2.071999 -0.112946  0.932868  2.521437   
20     61.0 -0.177760  1.946452 -5.412257 -1.250350 -0.046517  1.109529   
21     61.0  0.060288  1.691154 -2.311906 -1.346652 -0.279224  1.093263   
22     61.0  0.220056  1.621062 -3.472779 -0.721445 -0.011004  0.935784   
23     61.0 -0.989614  1.484502 -4.283611 -1.994409 -0.979511 -0.101485   

           max  
hist            
00    1.932925  
01    3.891495  
02    5.707723  
03    2.249558  
04    3.096087  
05    2.676020  
06    3.244137  
07    3.516538  
08    3.821477  
09    3.429386  
10    6.772055  
11    3.214355  
12    3.041717  
13    3.882595  
14    5.870592  
15    4.581562  
16    4.971494  
17    8.094711  
18    4.418623  
19    6.192694  
20    3.643531  
21    4.599743  
22    4.502355  
23    3.102120  

westus2
      count      mean       std       min       25%       50%       75%  \
hist                                                                      
00     60.0  0.587711  1.905007 -3.441408 -0.571173  0.580438  1.812028   
01     60.0  0.075495  1.569978 -3.598281 -0.963996  0.188047  1.076500   
02     60.0 -0.292781  1.568032 -4.549193 -1.519942 -0.498039  0.896677   
03     60.0  0.252654  1.458281 -2.544179 -0.576080  0.049834  1.278705   
04     60.0 -0.785259  2.272448 -4.873486 -2.243600 -1.372650  0.732962   
05     60.0  0.265900  2.453733 -5.098014 -1.293336  0.492127  1.718413   
06     60.0 -0.115384  1.711506 -3.391654 -1.403998 -0.232339  0.779727   
07     61.0  0.129392  1.791074 -3.625187 -0.881180 -0.180990  0.883133   
08     61.0 -0.064075  2.848824 -5.067969 -1.788424 -0.933946  1.599579   
09     61.0  0.764262  1.930724 -3.304852 -0.370017  1.067564  2.010631   
10     61.0 -0.798157  1.893619 -4.624481 -2.280779 -0.834785  0.569834   
11     61.0  0.463339  1.299672 -1.886495 -0.403043  0.248391  1.561107   
12     61.0  0.491357  1.843236 -2.709199 -1.052217  0.555404  1.559505   
13     61.0 -0.260055  1.272467 -2.870812 -1.142257 -0.304938  0.800676   
14     61.0 -0.031646  2.139133 -4.891509 -1.181761 -0.131530  0.736240   
15     61.0  1.025760  1.688589 -3.164354  0.313255  1.170421  2.219569   
16     61.0 -0.370616  2.087214 -4.139898 -2.177157 -0.503466  1.190382   
17     61.0  0.140354  2.537111 -3.525706 -1.617182 -0.240333  1.376761   
18     60.0 -0.710823  1.324433 -4.407038 -1.372726 -0.901165  0.260374   
19     60.0  0.195697  1.028100 -2.573083 -0.538226  0.112791  1.037891   
20     60.0 -0.251436  1.545039 -3.705772 -1.276458 -0.271102  0.961305   
21     60.0 -0.398808  1.619735 -5.520062 -1.348440 -0.351350  0.655574   
22     60.0  0.207198  2.100436 -2.852133 -1.489960 -0.286537  1.904037   
23     60.0 -0.411082  1.886702 -3.806407 -2.249613  0.260853  0.774734   

            max  
hist             
00     4.755094  
01     3.839576  
02     2.578646  
03     3.617053  
04     5.075904  
05     6.387886  
06     3.603291  
07     4.525161  
08     7.393733  
09     4.360973  
10     4.011324  
11     3.437955  
12     5.665055  
13     2.266040  
14     4.939712  
15     4.399656  
16     5.078561  
17    12.223109  
18     1.920536  
19     2.222798  
20     2.948301  
21     2.963964  
22     5.013060  
23     2.517723  

