brazilsouth
      count       mean       std        min        25%        50%        75%  \
hist                                                                           
00     60.0  57.170972  2.530457  54.386756  55.949155  56.777486  57.526384   
01     60.0  57.167970  2.525587  54.374175  55.942820  56.766387  57.518038   
02     60.0  57.164643  2.520564  54.364957  55.976922  56.790245  57.506360   
03     60.0  57.160942  2.515354  54.360926  55.935058  56.812915  57.483684   
04     60.0  57.156882  2.510009  54.363114  55.850662  56.818037  57.459289   
05     60.0  57.152536  2.504624  54.372182  55.769448  56.829860  57.481175   
06     60.0  57.148003  2.499145  54.388258  55.772353  56.869839  57.497580   
07     60.0  57.143360  2.493333  54.412120  55.778601  56.890894  57.528996   
08     60.0  57.138624  2.486858  54.444149  55.800261  56.892716  57.559129   
09     60.0  57.133828  2.479331  54.484195  55.843012  56.906073  57.499649   
10     60.0  57.128941  2.470107  54.531320  55.790300  56.941296  57.458250   
11     61.0  57.238958  2.596835  54.554085  55.856557  56.956541  57.448765   
12     61.0  57.237175  2.592499  54.547421  55.849115  56.979253  57.539833   
13     61.0  57.235287  2.587311  54.541734  55.875501  56.960619  57.634614   
14     61.0  57.233337  2.581594  54.535085  55.914997  56.884522  57.573351   
15     61.0  57.231397  2.575777  54.526196  55.925687  56.835098  57.502465   
16     61.0  57.229517  2.570091  54.514441  55.948127  56.815642  57.511843   
17     61.0  57.227739  2.564623  54.500003  55.981431  56.786170  57.528327   
18     61.0  57.226110  2.559524  54.483640  55.977660  56.769449  57.543184   
19     61.0  57.224614  2.554809  54.466283  55.972479  56.773469  57.569781   
20     61.0  57.223198  2.550418  54.449445  55.971514  56.787782  57.620453   
21     61.0  57.221799  2.546269  54.433179  55.974079  56.796430  57.660392   
22     60.0  57.176277  2.540172  54.416859  55.989134  56.780657  57.581057   
23     60.0  57.173727  2.535287  54.401145  55.979035  56.790208  57.560967   

            max  
hist             
00    69.496126  
01    69.439662  
02    69.365889  
03    69.274363  
04    69.166172  
05    69.042618  
06    68.903592  
07    68.746822  
08    68.810599  
09    68.989844  
10    69.154679  
11    69.250194  
12    69.336913  
13    69.413481  
14    69.478654  
15    69.532005  
16    69.572252  
17    69.599219  
18    69.613656  
19    69.616704  
20    69.609658  
21    69.593751  
22    69.570266  
23    69.538468  

australiaeast
      count       mean       std        min        25%        50%        75%  \
hist                                                                           
00     61.0  69.611218  3.065582  64.259432  67.144783  69.662269  72.307561   
01     61.0  69.609615  3.065559  64.263896  67.169088  69.579372  72.360680   
02     61.0  69.608055  3.065618  64.273951  67.146065  69.503511  72.398688   
03     61.0  69.606534  3.065726  64.290505  67.119904  69.435897  72.418381   
04     61.0  69.605034  3.065806  64.315267  67.091669  69.375862  72.366777   
05     61.0  69.603545  3.065833  64.317194  67.062779  69.322622  72.316824   
06     61.0  69.602042  3.065844  64.267429  67.034052  69.276577  72.177145   
07     61.0  69.600544  3.065857  64.226164  67.057547  69.237506  72.227105   
08     61.0  69.599051  3.065762  64.194526  67.095589  69.203043  72.189651   
09     61.0  69.597523  3.065399  64.172258  67.137297  69.168922  72.157657   
10     61.0  69.595967  3.064680  64.157865  67.214853  69.130646  72.131341   
11     60.0  69.605391  3.088213  64.150416  67.256043  69.633613  72.223578   
12     60.0  69.603225  3.086614  64.147830  67.226910  69.587653  72.212621   
13     60.0  69.600966  3.084859  64.146853  67.183127  69.554569  72.205385   
14     60.0  69.598551  3.083127  64.145290  67.154333  69.414563  72.201432   
15     60.0  69.595945  3.081601  64.143047  67.135705  69.240419  72.215073   
16     60.0  69.593178  3.080369  64.142118  67.126225  69.064979  72.244054   
17     60.0  69.590343  3.079480  64.144997  67.123424  68.891843  72.273759   
18     60.0  69.587568  3.078950  64.152815  67.124672  68.927452  72.295912   
19     60.0  69.584956  3.078735  64.165260  67.128197  69.001545  72.314122   
20     60.0  69.582562  3.078680  64.182715  67.132690  69.067921  72.330594   
21     60.0  69.580416  3.078640  64.205586  67.143556  69.125385  72.335156   
22     60.0  69.578499  3.078558  64.234612  67.160329  69.218436  72.331058   
23     60.0  69.576805  3.078473  64.261472  67.171426  69.235357  72.326157   

            max  
hist             
00    74.263071  
01    74.311271  
02    74.350457  
03    74.376929  
04    74.391042  
05    74.394479  
06    74.388990  
07    74.401044  
08    74.470333  
09    74.526702  
10    74.568123  
11    74.592935  
12    74.601469  
13    74.595857  
14    74.579078  
15    74.552293  
16    74.515686  
17    74.471288  
18    74.422369  
19    74.371627  
20    74.321262  
21    74.272297  
22    74.225172  
23    74.234853  

eastus
      count       mean       std        min        25%        50%        75%  \
hist                                                                           
00     60.0  73.132202  0.760431  71.245988  72.686315  73.111801  73.545770   
01     60.0  73.132737  0.762617  71.207163  72.663112  73.090888  73.523370   
02     60.0  73.133222  0.765235  71.173185  72.664334  73.064275  73.489958   
03     60.0  73.133662  0.768115  71.143457  72.643870  72.991848  73.488904   
04     60.0  73.134036  0.770896  71.118768  72.634228  72.946848  73.485943   
05     60.0  73.134325  0.773283  71.100522  72.653025  72.946744  73.480835   
06     60.0  73.134539  0.775094  71.089540  72.630271  72.949033  73.484933   
07     60.0  73.134664  0.776149  71.086658  72.578964  72.960165  73.486295   
08     60.0  73.134690  0.776347  71.093043  72.593408  72.957837  73.499111   
09     60.0  73.134569  0.775688  71.109234  72.626305  72.969764  73.530429   
10     61.0  73.099674  0.814097  71.018699  72.573467  72.992885  73.574179   
11     61.0  73.100723  0.808361  71.107843  72.583894  73.005919  73.605272   
12     61.0  73.101514  0.802409  71.196574  72.599069  73.017510  73.618900   
13     61.0  73.102079  0.796505  71.249475  72.611572  73.008347  73.629656   
14     61.0  73.102511  0.790949  71.296192  72.627594  73.036021  73.637743   
15     61.0  73.102890  0.786017  71.346765  72.637827  73.060893  73.642893   
16     61.0  73.103242  0.781911  71.401322  72.657239  73.054408  73.644134   
17     61.0  73.103561  0.778778  71.460790  72.687155  73.060401  73.624787   
18     61.0  73.103838  0.776797  71.525938  72.711484  73.070345  73.602324   
19     61.0  73.104058  0.776060  71.517523  72.688089  73.063266  73.589672   
20     61.0  73.104219  0.776459  71.450821  72.648634  73.061423  73.559284   
21     60.0  73.129920  0.757913  71.391213  72.686314  73.084785  73.548190   
22     60.0  73.130857  0.757996  71.337915  72.672855  73.082312  73.579316   
23     60.0  73.131598  0.758846  71.289769  72.668624  73.094277  73.582036   

            max  
hist             
00    74.921374  
01    74.951005  
02    74.983610  
03    75.017699  
04    75.050072  
05    75.077003  
06    75.095022  
07    75.101893  
08    75.096875  
09    75.080603  
10    75.055397  
11    75.024678  
12    74.992187  
13    74.961246  
14    74.934875  
15    74.915324  
16    74.902887  
17    74.895983  
18    74.892519  
19    74.890794  
20    74.888667  
21    74.883651  
22    74.873598  
23    74.894353  

centralindia
      count       mean       std        min        25%        50%        75%  \
hist                                                                           
00     61.0  49.552057  1.891130  47.091800  48.189163  49.157446  50.465026   
01     61.0  49.541319  1.858210  47.118037  48.211197  49.120321  50.402842   
02     61.0  49.530760  1.826327  47.152908  48.186244  49.121125  50.442346   
03     61.0  49.520379  1.795524  47.195235  48.147834  49.157258  50.500085   
04     61.0  49.510170  1.765853  47.242773  48.120022  49.163860  50.553026   
05     61.0  49.500140  1.737356  47.293457  48.117852  49.129118  50.527054   
06     60.0  49.522738  1.705456  47.345496  48.215676  49.180520  50.510952   
07     60.0  49.513457  1.678310  47.396993  48.258014  49.220773  50.477976   
08     60.0  49.504353  1.652311  47.445460  48.291186  49.258776  50.400107   
09     60.0  49.495407  1.627457  47.489155  48.248579  49.286647  50.323307   
10     60.0  49.486603  1.603819  47.434145  48.243248  49.271830  50.227800   
11     60.0  49.477947  1.581455  47.368891  48.226572  49.255448  50.204119   
12     60.0  49.469424  1.560376  47.309112  48.198666  49.234421  50.177590   
13     60.0  49.461046  1.540578  47.255710  48.204726  49.214288  50.148312   
14     60.0  49.452871  1.521997  47.209616  48.222522  49.211233  50.106431   
15     60.0  49.444943  1.504589  47.170852  48.210420  49.220286  50.127838   
16     60.0  49.437324  1.488374  47.138889  48.190469  49.211231  50.151301   
17     60.0  49.430047  1.473298  47.113133  48.196255  49.195105  50.163606   
18     60.0  49.423078  1.459309  47.093174  48.218454  49.183217  50.127822   
19     61.0  49.607692  2.069485  47.078735  48.297844  49.183828  50.151473   
20     61.0  49.596289  2.031958  47.069434  48.310845  49.170057  50.227923   
21     61.0  49.585055  1.995375  47.065010  48.296244  49.167575  50.308003   
22     61.0  49.573954  1.959742  47.066455  48.271557  49.163843  50.392278   
23     61.0  49.562952  1.924996  47.074944  48.235919  49.153821  50.480738   

            max  
hist             
00    59.391321  
01    59.059204  
02    58.727691  
03    58.396822  
04    58.066620  
05    57.737072  
06    57.408174  
07    57.079962  
08    56.752431  
09    56.425537  
10    56.099236  
11    55.773515  
12    55.448429  
13    55.124057  
14    54.800458  
15    54.477748  
16    54.156174  
17    53.836217  
18    53.518860  
19    61.059234  
20    60.724818  
21    60.390801  
22    60.057186  
23    59.724002  

japaneast
      count       mean       std        min        25%        50%        75%  \
hist                                                                           
00     61.0  61.849924  7.317513  52.134308  54.797828  57.401063  69.000672   
01     61.0  61.838367  7.317102  52.160540  54.835281  57.467620  68.937426   
02     61.0  61.826759  7.316819  52.196556  54.819347  57.527555  68.963940   
03     61.0  61.815202  7.316756  52.243293  54.778092  57.578376  69.026663   
04     61.0  61.803792  7.316962  52.301213  54.776029  57.617879  69.101242   
05     61.0  61.792596  7.317398  52.369343  54.785072  57.645020  69.185554   
06     61.0  61.781626  7.318059  52.446239  54.687427  57.659475  69.252463   
07     61.0  61.770851  7.318946  52.528828  54.622298  57.660308  69.190294   
08     61.0  61.760162  7.320067  52.613177  54.615868  57.647666  69.157671   
09     61.0  61.749431  7.321473  52.695235  54.674452  57.623374  69.151091   
10     60.0  61.884599  7.294908  52.771708  54.731868  60.075309  69.188912   
11     60.0  61.873621  7.296906  52.841467  54.735664  59.824880  69.154632   
12     60.0  61.862455  7.299107  52.746613  54.694004  59.574836  69.109701   
13     60.0  61.851103  7.301434  52.624554  54.669311  59.326184  69.065553   
14     60.0  61.839622  7.303829  52.513275  54.673313  59.080115  69.026129   
15     60.0  61.828138  7.306247  52.415649  54.715645  58.837237  68.993065   
16     60.0  61.816733  7.308577  52.332697  54.709781  58.596936  69.050163   
17     60.0  61.805423  7.310721  52.263797  54.688238  58.359648  69.126180   
18     60.0  61.794220  7.312599  52.208427  54.689355  58.126888  69.153653   
19     60.0  61.783161  7.314195  52.166317  54.670422  57.900670  69.085716   
20     60.0  61.772209  7.315438  52.136460  54.655469  57.748392  69.112704   
21     60.0  61.761287  7.316256  52.118274  54.667598  57.608707  69.121674   
22     60.0  61.750314  7.316645  52.112184  54.697792  57.482892  69.127404   
23     61.0  61.861369  7.317907  52.117829  54.760382  57.416916  69.065883   

            max  
hist             
00    71.058785  
01    71.044574  
02    71.031597  
03    71.018605  
04    71.005175  
05    70.989877  
06    70.971254  
07    70.948169  
08    70.919778  
09    70.901611  
10    70.949773  
11    70.994099  
12    71.033159  
13    71.065304  
14    71.090947  
15    71.110943  
16    71.124479  
17    71.131936  
18    71.134732  
19    71.132681  
20    71.124432  
21    71.110540  
22    71.093241  
23    71.075338  

germanywestcentral
      count       mean       std        min        25%        50%        75%  \
hist                                                                           
00     61.0  50.740745  2.431816  47.924786  49.344519  50.179018  50.928507   
01     61.0  50.729836  2.404332  47.885747  49.379797  50.199486  50.923123   
02     61.0  50.719152  2.377435  47.845358  49.408555  50.221376  50.907667   
03     60.0  50.742079  2.356501  47.803856  49.363432  50.220988  50.950217   
04     60.0  50.732007  2.330707  47.762709  49.338505  50.148737  50.933034   
05     60.0  50.721971  2.306087  47.723491  49.312116  50.177146  50.911131   
06     60.0  50.712018  2.282703  47.688219  49.310716  50.206406  50.887093   
07     60.0  50.702249  2.260592  47.659124  49.315699  50.175426  50.887816   
08     60.0  50.692777  2.239724  47.638351  49.321266  50.143495  50.862168   
09     60.0  50.683691  2.220042  47.627047  49.294961  50.114124  50.825698   
10     60.0  50.675034  2.201510  47.625442  49.276022  50.130754  50.782194   
11     60.0  50.666787  2.184063  47.631714  49.265274  50.146121  50.759842   
12     60.0  50.658898  2.167639  47.644646  49.292337  50.133890  50.795476   
13     60.0  50.651279  2.152222  47.664019  49.287393  50.134668  50.804923   
14     60.0  50.643742  2.137757  47.690138  49.239079  50.134441  50.808495   
15     60.0  50.636024  2.124137  47.723690  49.208768  50.133888  50.814157   
16     61.0  50.840611  2.672855  47.764661  49.238259  50.133738  51.008617   
17     61.0  50.827221  2.639473  47.812716  49.296826  50.107218  51.064815   
18     61.0  50.813832  2.607249  47.866320  49.278822  50.041665  51.116572   
19     61.0  50.800662  2.576135  47.923209  49.327548  50.080587  51.101279   
20     61.0  50.787862  2.545995  47.981241  49.312682  50.132016  51.061184   
21     61.0  50.775488  2.516670  48.038909  49.246443  50.138019  50.945983   
22     61.0  50.763529  2.487976  48.007762  49.275821  50.147641  50.908089   
23     61.0  50.751955  2.459724  47.964511  49.309107  50.161348  50.923276   

            max  
hist             
00    61.070227  
01    60.748102  
02    60.425002  
03    60.100942  
04    59.775898  
05    59.449845  
06    59.122788  
07    58.794802  
08    58.465985  
09    58.136427  
10    57.806179  
11    57.475295  
12    57.143847  
13    56.811586  
14    56.477388  
15    56.138628  
16    63.607962  
17    63.294468  
18    62.980011  
19    62.664521  
20    62.347941  
21    62.030226  
22    61.711349  
23    61.391329  

westus
      count       mean       std        min        25%        50%        75%  \
hist                                                                           
00     60.0  72.522561  1.338004  69.513288  71.615589  72.486900  73.167312   
01     60.0  72.526976  1.338909  69.486880  71.625624  72.482856  73.184696   
02     60.0  72.531133  1.340017  69.416222  71.702754  72.463916  73.210593   
03     60.0  72.535014  1.341343  69.343269  71.672931  72.457743  73.243325   
04     60.0  72.538690  1.342918  69.268740  71.642082  72.456932  73.257147   
05     60.0  72.542305  1.344763  69.195080  71.624343  72.444070  73.258806   
06     60.0  72.545999  1.346892  69.125307  71.616610  72.403433  73.243479   
07     61.0  72.509342  1.374389  69.062507  71.600292  72.373265  73.230524   
08     61.0  72.513609  1.376063  69.009868  71.631195  72.387811  73.259282   
09     61.0  72.517928  1.378228  68.969891  71.623984  72.395687  73.289721   
10     61.0  72.522278  1.380795  68.943155  71.636668  72.313326  73.277702   
11     61.0  72.526623  1.383726  68.927806  71.648507  72.360806  73.248950   
12     61.0  72.530963  1.387028  68.922172  71.625036  72.406522  73.278227   
13     61.0  72.535343  1.390670  68.926042  71.610913  72.427014  73.311819   
14     61.0  72.539809  1.394595  68.940360  71.648904  72.442745  73.285951   
15     61.0  72.544400  1.398762  68.966337  71.703555  72.445467  73.300660   
16     61.0  72.549110  1.403136  69.003820  71.739940  72.450016  73.330928   
17     61.0  72.553921  1.407664  69.050775  71.656106  72.482293  73.351660   
18     60.0  72.496602  1.337108  69.104950  71.644366  72.489834  73.224469   
19     60.0  72.500335  1.336712  69.165287  71.656832  72.495745  73.188941   
20     60.0  72.504426  1.336468  69.229802  71.661755  72.514004  73.156812   
21     60.0  72.508785  1.336477  69.297409  71.646033  72.527599  73.130008   
22     60.0  72.513335  1.336779  69.367652  71.613853  72.481562  73.121521   
23     60.0  72.517968  1.337306  69.440128  71.619365  72.495046  73.146425   

            max  
hist             
00    75.824232  
01    75.856453  
02    75.884990  
03    75.907877  
04    75.923587  
05    75.932157  
06    75.934235  
07    75.929436  
08    75.917715  
09    75.898734  
10    75.872557  
11    75.840140  
12    75.803219  
13    75.765502  
14    75.793403  
15    75.917190  
16    76.042249  
17    76.168459  
18    75.710764  
19    75.711807  
20    75.720540  
21    75.737653  
22    75.762119  
23    75.791752  

uksouth
      count       mean       std        min        25%        50%        75%  \
hist                                                                           
00     61.0  57.429829  3.577290  54.133430  56.047681  56.375251  57.250450   
01     61.0  57.420397  3.566681  54.101511  56.052982  56.432705  57.244547   
02     60.0  57.466346  3.559339  54.424692  56.067593  56.437676  57.223189   
03     60.0  57.456628  3.548601  54.452447  56.029312  56.445665  57.182453   
04     60.0  57.446532  3.538074  54.484967  56.030353  56.472365  57.218546   
05     60.0  57.436170  3.527787  54.521467  56.019546  56.511430  57.214779   
06     60.0  57.425643  3.517623  54.562935  55.984688  56.544099  57.211166   
07     60.0  57.415029  3.507416  54.610807  55.927667  56.549608  57.214561   
08     60.0  57.404462  3.497159  54.588117  55.897338  56.518860  57.200384   
09     60.0  57.394014  3.486711  54.562185  55.919640  56.490500  57.123771   
10     60.0  57.383641  3.475817  54.535995  55.888173  56.491777  57.121718   
11     60.0  57.373250  3.464329  54.509558  55.859116  56.525472  57.150893   
12     60.0  57.362777  3.452193  54.482867  55.898861  56.559088  57.149204   
13     60.0  57.352207  3.439444  54.455878  55.941833  56.577176  57.262880   
14     60.0  57.341545  3.426205  54.426058  55.983637  56.583132  57.338705   
15     61.0  57.512431  3.669067  54.396641  56.033273  56.587380  57.376311   
16     61.0  57.503018  3.660206  54.372523  56.053480  56.604091  57.296350   
17     61.0  57.493594  3.650930  54.343862  56.026327  56.581761  57.250653   
18     61.0  57.484235  3.641174  54.314809  56.039671  56.595065  57.199243   
19     61.0  57.474982  3.630950  54.285446  56.049649  56.605886  57.223701   
20     61.0  57.465870  3.620369  54.255813  56.057273  56.588849  57.260681   
21     61.0  57.456869  3.609583  54.225882  56.063994  56.504645  57.222283   
22     61.0  57.447927  3.598755  54.195557  56.061478  56.415307  57.219453   
23     61.0  57.438966  3.587994  54.164760  56.039271  56.319633  57.257253   

            max  
hist             
00    70.751423  
01    70.752678  
02    70.751931  
03    70.749171  
04    70.745011  
05    70.739938  
06    70.733672  
07    70.726199  
08    70.717559  
09    70.707669  
10    70.698097  
11    70.690630  
12    70.684483  
13    70.678640  
14    70.672743  
15    70.667177  
16    70.662938  
17    70.659205  
18    70.685509  
19    70.707714  
20    70.723706  
21    70.734714  
22    70.742575  
23    70.748192  

westus2
      count       mean       std        min        25%        50%        75%  \
hist                                                                           
00     60.0  72.855542  1.690790  69.388576  71.371855  73.017518  73.995033   
01     60.0  72.856120  1.691570  69.401838  71.342239  72.994160  73.955538   
02     60.0  72.856432  1.692195  69.413960  71.363411  73.006449  74.030220   
03     60.0  72.856498  1.692461  69.424190  71.416573  73.050502  74.038158   
04     60.0  72.856391  1.692290  69.431704  71.425126  73.095490  74.072387   
05     60.0  72.856193  1.691773  69.436522  71.429334  73.089141  74.117551   
06     60.0  72.856014  1.690968  69.441708  71.430156  73.120707  74.155204   
07     61.0  72.797761  1.736346  69.268659  71.422335  73.083271  74.171503   
08     61.0  72.798489  1.733876  69.268002  71.490623  73.059700  74.202986   
09     61.0  72.799325  1.731284  69.267897  71.560344  73.064802  74.094279   
10     61.0  72.800160  1.728691  69.268472  71.572972  73.090146  74.162022   
11     61.0  72.800920  1.726212  69.269837  71.583904  73.109098  74.105378   
12     61.0  72.801580  1.723912  69.272133  71.592892  73.101321  74.134314   
13     61.0  72.802157  1.721831  69.275502  71.599219  73.044270  74.162472   
14     61.0  72.802710  1.719911  69.280088  71.579688  73.042056  74.186854   
15     61.0  72.803284  1.718145  69.285994  71.560084  73.066739  74.139919   
16     61.0  72.803878  1.716492  69.293267  71.542591  73.094996  74.196886   
17     61.0  72.804494  1.714929  69.301873  71.527769  73.122218  74.223464   
18     60.0  72.849302  1.692703  69.311727  71.521848  73.082330  74.281141   
19     60.0  72.850343  1.691232  69.322692  71.498912  73.036219  74.226008   
20     60.0  72.851471  1.690229  69.334644  71.481585  73.100640  74.178380   
21     60.0  72.852625  1.689725  69.347458  71.438419  73.138511  74.135351   
22     60.0  72.853740  1.689704  69.360935  71.413335  73.090936  74.092460   
23     60.0  72.854731  1.690109  69.374779  71.388721  73.050107  74.036784   

            max  
hist             
00    75.933299  
01    75.917260  
02    75.925298  
03    75.978405  
04    76.025355  
05    76.067033  
06    76.104277  
07    76.137764  
08    76.166976  
09    76.190634  
10    76.207543  
11    76.217486  
12    76.220167  
13    76.215677  
14    76.203873  
15    76.185311  
16    76.160667  
17    76.131180  
18    76.098736  
19    76.065579  
20    76.033606  
21    76.003742  
22    75.976369  
23    75.952651  

