brazilsouth
      count       mean       std        min        25%        50%        75%  \
hist                                                                           
1       9.0  57.711649  2.426633  55.678543  56.349659  56.927188  58.033577   
2       9.0  57.597221  2.181690  55.665339  56.223891  56.944807  58.249314   
3       9.0  57.491899  1.955406  55.667974  56.331389  56.949802  57.736424   
4       9.0  57.402513  1.753546  55.704068  56.466115  56.955971  57.210366   
5       8.0  57.140622  1.571082  55.772892  56.433551  56.838053  57.068213   
6       8.0  57.069694  1.358448  55.807550  56.412393  56.810840  57.116209   
7       9.0  57.828231  2.685755  55.716443  56.475704  56.895102  57.821363   

            max  
hist             
1     63.640715  
2     62.916830  
3     62.199808  
4     61.490799  
5     60.791124  
6     60.102782  
7     64.370225  

australiaeast
      count       mean       std        min        25%        50%        75%  \
hist                                                                           
1       9.0  70.342657  2.472007  66.690425  67.993466  71.030771  72.515816   
2       9.0  70.246881  2.504198  66.660509  67.812090  70.629146  72.582121   
3       9.0  70.146564  2.523505  66.649290  67.982189  70.212493  72.646859   
4       9.0  70.038847  2.543981  66.656299  68.176917  69.807455  72.541255   
5       9.0  69.944515  2.553768  66.678986  68.039994  69.707760  72.310467   
6       8.0  70.262901  2.415694  66.800599  68.198710  70.684742  72.281083   
7       8.0  70.174203  2.456741  66.738461  68.093774  70.418278  72.195906   

            max  
hist             
1     73.103612  
2     73.074359  
3     72.946362  
4     72.715345  
5     72.765092  
6     72.851752  
7     73.034940  

eastus
      count       mean       std        min        25%        50%        75%  \
hist                                                                           
1       9.0  73.222836  0.239034  72.831170  73.116333  73.312002  73.386680   
2       9.0  73.233069  0.244698  72.831597  73.156459  73.330778  73.427774   
3       9.0  73.249045  0.243682  72.868798  73.119539  73.291563  73.411207   
4       9.0  73.270330  0.236884  72.957521  73.077342  73.269752  73.378474   
5       8.0  73.239766  0.188128  73.000407  73.050992  73.287517  73.356176   
6       8.0  73.252607  0.177260  72.990403  73.116564  73.295505  73.373418   
7       9.0  73.211548  0.233947  72.789189  73.082635  73.285538  73.404613   

            max  
hist             
1     73.466824  
2     73.506474  
3     73.535264  
4     73.620119  
5     73.522205  
6     73.480428  
7     73.456401  

centralindia
      count       mean       std        min        25%        50%        75%  \
hist                                                                           
1       9.0  49.350902  0.852593  48.265979  48.940462  49.397214  49.675184   
2       9.0  49.313079  0.839245  48.301715  48.858099  49.210663  49.565290   
3       9.0  49.276443  0.844735  48.267557  48.773069  49.116798  49.457877   
4       9.0  49.244203  0.864133  48.233496  48.663094  49.185343  49.521718   
5       9.0  49.216122  0.895537  48.213623  48.523325  49.248280  49.654373   
6       8.0  49.319999  0.898351  48.217076  48.606419  49.235671  49.854079   
7       8.0  49.323252  0.906439  48.237581  48.698731  49.211863  49.798312   

            max  
hist             
1     50.947804  
2     50.784328  
3     50.621638  
4     50.690760  
5     50.820104  
6     50.924558  
7     50.998781  

uksouth
      count       mean       std        min        25%        50%        75%  \
hist                                                                           
1       9.0  58.775018  4.760676  56.014494  56.308121  56.930202  57.082836   
2       9.0  58.500256  4.343136  55.811461  56.358683  56.907660  56.988851   
3       9.0  58.212442  3.931765  55.605401  56.406811  56.781411  56.976378   
4       9.0  57.889298  3.527070  55.396229  56.452483  56.753791  57.011368   
5       9.0  57.582781  3.166006  55.184121  56.410706  56.604984  57.055852   
6       8.0  57.688260  2.870874  56.201085  56.373100  56.707159  57.170651   
7       8.0  57.510566  2.496968  56.150311  56.243826  56.757354  57.134347   

            max  
hist             
1     70.310044  
2     69.188778  
3     68.068179  
4     66.948991  
5     65.831792  
6     64.716647  
7     63.603604  

germanywestcentral
      count       mean       std        min        25%        50%        75%  \
hist                                                                           
1       9.0  50.729876  1.184603  49.098785  50.222390  50.607883  51.237778   
2       9.0  50.737538  1.312866  49.141468  49.580089  50.598200  51.272776   
3       9.0  50.773548  1.539795  48.770987  49.703650  50.637082  51.334818   
4       9.0  50.708045  1.586735  48.050978  49.832934  50.684091  51.405948   
5       9.0  50.610102  1.645691  47.334667  49.978275  50.717656  51.471361   
6       8.0  50.989927  1.077169  49.344341  50.424779  50.890067  51.582218   
7       8.0  50.959754  1.038642  49.403113  50.484468  50.822970  51.291545   

            max  
hist             
1     53.014016  
2     53.266579  
3     53.753101  
4     53.295083  
5     52.706990  
6     52.883244  
7     52.950402  

japaneast
      count       mean       std        min        25%        50%        75%  \
hist                                                                           
1       9.0  62.071684  7.225214  53.752781  55.212432  62.388315  69.059485   
2       9.0  61.863304  7.303212  53.489251  55.106188  61.196569  68.972018   
3       9.0  61.612455  7.354267  53.226437  54.989361  59.813946  68.925790   
4       9.0  61.310442  7.322677  52.966434  54.813060  58.742268  68.905865   
5       9.0  61.015458  7.299369  52.711036  54.656671  57.854925  68.906268   
6       8.0  61.750946  7.074378  54.288313  55.162093  60.927309  69.030959   
7       8.0  61.450404  7.114746  54.017196  55.156896  59.867311  69.018120   

            max  
hist             
1     69.712456  
2     69.697920  
3     69.665478  
4     69.604240  
5     69.520489  
6     69.593753  
7     69.660588  

westus
      count       mean       std        min        25%        50%        75%  \
hist                                                                           
1       9.0  72.575350  0.883021  71.215642  72.198542  72.594900  73.024775   
2       9.0  72.635337  0.908441  71.243427  72.299844  72.558854  73.130222   
3       9.0  72.693224  0.940899  71.274878  72.379868  72.651274  73.211471   
4       9.0  72.756589  0.979235  71.310053  72.275867  72.707479  73.271654   
5       8.0  72.570813  0.712399  71.349803  72.156812  72.668607  72.900954   
6       8.0  72.627359  0.730075  71.393520  72.172533  72.698883  72.955443   
7       9.0  72.516896  0.861983  71.191047  72.144209  72.676945  72.926094   

            max  
hist             
1     74.118304  
2     74.308564  
3     74.501872  
4     74.698464  
5     73.584158  
6     73.752398  
7     73.932094  

westus2
      count       mean       std        min        25%        50%        75%  \
hist                                                                           
1       9.0  72.882985  1.369000  70.726838  72.445205  73.067077  74.004083   
2       9.0  72.867221  1.374903  70.677484  72.377198  72.930232  73.970913   
3       9.0  72.846896  1.394997  70.623245  71.975919  73.198472  73.914144   
4       9.0  72.822884  1.428808  70.564370  71.616657  73.546198  73.842397   
5       8.0  73.073782  1.290351  70.854263  72.474584  73.776790  73.913428   
6       8.0  73.038270  1.356909  70.813768  72.472509  73.528288  74.082977   
7       9.0  72.893685  1.369868  70.771849  72.042814  73.181019  74.025055   

            max  
hist             
1     74.518921  
2     74.444721  
3     74.307696  
4     74.167286  
5     74.102347  
6     74.192864  
7     74.493966  

