australia-southeast1
      count        mean        std         min         25%         50%  \
hist                                                                     
1       9.0  436.856366  25.040252  409.987049  418.975833  430.807431   
2       9.0  442.170331  20.935233  421.226875  429.005104  431.700302   
3       9.0  440.590604  23.039069  415.107361  426.271736  430.152535   
4       9.0  437.393404  27.639370  396.470729  424.305531  428.987361   
5       9.0  428.003302  46.753498  325.704375  422.695347  426.162986   
6       8.0  428.623312  18.003074  408.576875  412.736536  428.442483   
7       8.0  425.505165  19.881063  408.055451  411.132856  417.034340   

             75%         max  
hist                          
1     463.638333  475.725347  
2     463.084306  479.369410  
3     463.080938  479.388350  
4     447.848576  481.170451  
5     438.541319  501.596076  
6     436.325877  456.944861  
7     434.631224  460.524896  

asia-south1
      count        mean        std         min         25%         50%  \
hist                                                                     
1       9.0  509.717859  33.599214  478.761632  483.972847  488.707326   
2       9.0  508.532006  32.305540  476.136111  486.009549  488.798299   
3       9.0  504.358383  37.149047  467.065521  481.835799  487.491389   
4       9.0  508.414437  35.436264  469.330417  481.683333  491.151215   
5       9.0  499.061416  31.689503  458.917153  480.923437  485.877569   
6       8.0  497.278587  26.561132  473.011498  480.218550  486.190260   
7       8.0  496.418832  28.212743  467.363056  479.488767  485.767413   

             75%         max  
hist                          
1     543.514519  558.203160  
2     544.115347  561.353194  
3     542.801632  565.749444  
4     543.931528  565.072014  
5     519.718542  547.663542  
6     505.204557  541.330660  
7     508.029523  542.189965  

europe-west2
      count        mean        std         min         25%         50%  \
hist                                                                     
1       9.0  505.316747  33.539523  476.551149  482.227126  485.960344   
2       9.0  517.502988  35.097654  487.824577  493.775312  496.548220   
3       9.0  498.186020  53.179352  376.448056  493.360729  493.737292   
4       9.0  487.527216  74.521686  305.215035  489.685614  497.795486   
5       9.0  485.340157  76.929739  298.340668  487.385270  490.473350   
6       8.0  503.230302  32.020999  475.219965  481.566983  490.603254   
7       8.0  485.268724  27.549767  465.463785  469.558950  472.164462   

             75%         max  
hist                          
1     538.328136  566.035741  
2     548.189861  580.052328  
3     518.561224  558.144965  
4     502.313574  564.814994  
5     498.250330  570.508316  
6     512.415391  560.138333  
7     488.566962  531.834062  

asia-northeast1
      count        mean        std         min         25%         50%  \
hist                                                                     
1       9.0  537.656145  44.548795  481.183700  505.649997  524.242306   
2       9.0  538.677080  32.034907  496.838267  515.594859  537.796393   
3       9.0  516.610965  55.304581  386.077233  503.892014  517.102949   
4       9.0  491.333055  69.378439  320.973046  498.843423  503.730907   
5       9.0  492.484895  75.454965  314.002986  488.505661  503.364578   
6       8.0  499.506027  32.478840  454.044722  484.249709  491.643084   
7       8.0  504.245855  27.481671  476.207361  487.163690  490.676629   

             75%         max  
hist                          
1     583.226104  600.346161  
2     549.568479  598.847824  
3     553.137149  573.810723  
4     515.172099  554.541881  
5     503.990389  574.764050  
6     506.605289  554.526656  
7     519.727203  548.792150  

europe-west3
      count        mean        std         min         25%         50%  \
hist                                                                     
1       9.0  486.195279  24.823383  452.722986  465.032812  481.995556   
2       9.0  489.261567  22.967471  444.237647  477.812090  485.478958   
3       9.0  489.842892  30.531858  437.122326  473.062537  482.455066   
4       9.0  488.991457  25.629244  449.695903  474.107650  484.467359   
5       9.0  485.802575  28.737468  442.440417  470.253785  482.535208   
6       8.0  478.209340  27.827944  450.697326  464.058367  468.048420   
7       8.0  474.638644  27.509069  434.981666  459.188785  471.317483   

             75%         max  
hist                          
1     506.755478  523.480370  
2     510.608924  518.022188  
3     511.569171  531.895121  
4     501.264340  532.099167  
5     489.164560  533.371875  
6     483.914818  532.493021  
7     489.230709  520.724444  

southamerica-east1
      count        mean        std         min         25%         50%  \
hist                                                                     
1       9.0  472.437014  30.067810  445.360243  448.590229  462.094391   
2       9.0  452.669815  51.820113  331.559294  443.082922  458.794747   
3       9.0  441.720521  65.822863  276.411493  446.938889  449.047781   
4       9.0  438.374200  66.632889  270.238403  446.123021  447.499826   
5       8.0  460.679288  22.031869  430.683056  449.037205  453.197225   
6       8.0  454.743442  23.714982  429.169340  437.886097  448.349316   
7       9.0  460.454958  27.027019  431.497465  440.509340  452.028826   

             75%         max  
hist                          
1     499.367396  521.870556  
2     469.664653  513.509340  
3     459.591076  505.862257  
4     451.947453  499.684028  
5     474.030638  496.069861  
6     464.290141  498.455625  
7     486.957257  502.538222  

northamerica-northeast1
      count        mean        std         min         25%         50%  \
hist                                                                     
1       9.0  468.309518  19.770611  442.954340  456.934028  460.056007   
2       9.0  468.176524  19.576683  449.934271  453.674618  457.660799   
3       9.0  469.062701  18.641445  450.794722  453.458264  460.202882   
4       9.0  463.521527  14.890222  447.445382  452.739653  461.875799   
5       8.0  462.411940  16.061540  443.800382  453.422283  457.441206   
6       8.0  466.156120  18.842926  443.057569  452.231701  462.737552   
7       9.0  463.550365  19.494445  443.629132  451.086840  454.499687   

             75%         max  
hist                          
1     492.717257  494.816458  
2     489.587292  499.749271  
3     488.023333  497.280208  
4     471.777840  493.776771  
5     467.014033  491.623576  
6     482.157187  490.945799  
7     488.329852  489.658785  

us-east4
      count        mean        std         min         25%         50%  \
hist                                                                     
1       9.0  486.703133  27.203643  455.707882  465.958611  485.287604   
2       9.0  499.465968  47.146440  439.206007  474.790069  503.475764   
3       9.0  491.171184  31.846243  456.534688  465.470347  472.789757   
4       9.0  486.020710  25.483197  458.789201  465.397986  480.482361   
5       8.0  488.016804  23.335469  466.005486  473.547691  477.768177   
6       8.0  472.535425  27.580829  451.733507  452.267734  462.555278   
7       9.0  474.889712  37.206887  437.440694  441.734757  464.253299   

             75%         max  
hist                          
1     504.506181  526.964097  
2     517.729792  589.910694  
3     521.279653  537.481458  
4     492.321840  529.816424  
5     495.302508  529.469201  
6     478.714149  527.229236  
7     494.899097  535.737407  

us-west2
      count        mean        std         min         25%         50%  \
hist                                                                     
1       9.0  502.704696  54.449495  393.501354  492.249774  499.546986   
2       9.0  484.050546  80.058801  288.633264  486.618924  488.517396   
3       9.0  484.462730  85.596085  287.106701  470.447014  498.359921   
4       9.0  483.045361  80.948296  286.510972  475.210903  501.882847   
5       8.0  513.915146  46.085850  460.612708  487.591599  500.979097   
6       8.0  509.266055  52.179670  474.080521  479.223160  497.419021   
7       9.0  512.129348  39.187933  472.878021  486.350800  496.713522   

             75%         max  
hist                          
1     506.602431  604.469669  
2     515.163408  581.616905  
3     506.117655  603.268368  
4     512.914685  567.257465  
5     528.048256  595.134280  
6     505.542517  633.716131  
7     528.010834  594.252578  

us-west4
      count        mean        std         min         25%         50%  \
hist                                                                     
1       9.0  472.649940  18.546271  447.834896  462.324595  467.367569   
2       9.0  475.760255  19.196813  447.899306  465.942847  471.684132   
3       9.0  476.776173  19.717252  451.570625  466.853646  470.004306   
4       9.0  475.309265  15.078043  457.254340  460.712569  471.747326   
5       8.0  468.758711  17.128847  441.441076  460.862943  466.590642   
6       8.0  463.561740  18.756962  442.875417  450.015712  461.174497   
7       9.0  471.798838  24.884365  429.839653  461.644410  467.782222   

             75%         max  
hist                          
1     487.473750  506.952917  
2     483.803576  514.881424  
3     485.097465  520.185799  
4     487.845903  496.672118  
5     475.263689  500.974063  
6     471.594497  496.144097  
7     489.387535  507.022148  

