asia-south1
      count        mean        std         min         25%         50%  \
hist                                                                     
00     61.0  489.065615  32.943187  444.593333  467.882500  479.198333   
01     61.0  478.692705  28.290461  428.925833  459.955833  469.272500   
02     61.0  476.812022  26.081942  432.267500  458.137500  467.985000   
03     61.0  471.326612  27.040699  417.157500  452.844167  465.230000   
04     61.0  470.407404  24.273155  435.687500  448.668333  462.649167   
05     61.0  471.341790  30.690477  413.065000  450.270833  463.404167   
06     60.0  493.900781  27.076087  437.163333  473.115000  492.686667   
07     60.0  498.323431  30.997555  446.420833  473.651042  489.827917   
08     60.0  509.599569  37.794913  434.744167  484.170000  497.080833   
09     60.0  507.691958  35.149904  447.901667  482.036875  494.493333   
10     60.0  512.762500  37.351249  464.252500  485.808542  499.414167   
11     60.0  514.321194  35.613059  467.165833  485.353958  502.117083   
12     60.0  514.289264  34.209781  465.117500  489.181250  502.270833   
13     60.0  522.193920  40.214333  451.095833  491.764583  507.831667   
14     60.0  518.109306  39.403084  446.986667  489.066875  501.985417   
15     60.0  517.917139  36.230872  452.899167  494.114167  507.040833   
16     60.0  523.105861  38.510252  459.395000  495.367292  512.987083   
17     60.0  517.094778  36.038147  457.730000  492.060833  510.015000   
18     60.0  513.205139  40.347967  441.590000  484.760417  503.131250   
19     61.0  510.600861  41.808949  455.590833  480.125833  497.354167   
20     61.0  526.379180  45.067439  461.830000  492.303333  518.940000   
21     61.0  520.029303  37.524846  464.240000  491.830833  509.272500   
22     61.0  516.684057  37.365763  455.073333  491.160000  507.469167   
23     61.0  501.900137  30.845862  455.255000  479.900833  492.062500   

             75%         max  
hist                          
00    513.930833  590.890000  
01    504.284167  544.018333  
02    499.466667  524.707500  
03    492.519167  531.055833  
04    493.155833  520.621667  
05    496.105000  581.725833  
06    511.278125  566.665000  
07    524.326250  585.128333  
08    545.690000  590.745000  
09    542.905833  591.083333  
10    547.138333  595.829167  
11    544.985833  599.523333  
12    541.641042  603.085833  
13    555.611458  668.340000  
14    552.932083  620.870833  
15    542.293125  621.458333  
16    550.735417  634.427500  
17    540.518125  608.114167  
18    536.789792  615.144167  
19    542.283333  631.782500  
20    555.704167  619.398333  
21    543.990000  610.433333  
22    537.451667  619.464167  
23    530.830000  576.149167  

europe-west2
      count        mean        std         min         25%         50%  \
hist                                                                     
00     61.0  488.925178  58.476755  276.629167  468.495000  484.233333   
01     61.0  482.785669  51.819968  289.895000  468.930833  482.162500   
02     60.0  490.432833  48.629852  307.285833  472.285417  481.862500   
03     60.0  481.663433  49.890164  292.405833  458.089375  475.616250   
04     60.0  492.853208  51.168996  287.416667  470.665000  487.321667   
05     60.0  481.964944  45.906009  282.874167  464.601667  476.647917   
06     60.0  483.090569  44.252846  292.720833  466.002917  482.688750   
07     60.0  496.477627  50.269572  313.919167  472.929375  491.021667   
08     60.0  501.511250  52.788644  297.979167  482.073333  498.497917   
09     60.0  513.300343  56.993932  305.859167  485.868125  503.192083   
10     60.0  514.565181  52.265501  309.548333  489.906042  511.109583   
11     60.0  519.292989  61.824498  312.020833  489.585000  514.855417   
12     60.0  509.846601  50.728240  296.067500  494.586250  503.329583   
13     60.0  513.628916  56.427949  295.259167  488.240417  503.562083   
14     60.0  513.806883  55.516140  299.750833  491.426667  505.762500   
15     61.0  512.377356  56.310783  304.511667  487.985833  508.340000   
16     61.0  510.216529  54.441989  315.834167  485.955833  502.063333   
17     61.0  508.615628  52.565781  310.843333  486.360833  505.688333   
18     61.0  501.120683  47.804405  310.435000  482.788333  500.167500   
19     61.0  499.627977  49.747310  286.193646  474.051667  501.865000   
20     61.0  499.707855  52.372878  297.502500  479.509167  497.800000   
21     61.0  490.186503  53.067232  290.578333  469.720833  486.353333   
22     61.0  487.866270  50.444589  289.885000  474.720833  487.685833   
23     61.0  484.700035  52.465180  296.781667  468.602500  480.892500   

             75%         max  
hist                          
00    521.940000  587.694167  
01    504.989167  574.795833  
02    522.733958  588.842500  
03    512.907083  577.102500  
04    522.586875  601.623333  
05    507.428958  562.341667  
06    509.522708  555.232500  
07    522.200833  615.594167  
08    534.291458  600.064167  
09    549.774793  621.483333  
10    540.098958  619.133333  
11    561.526285  739.746667  
12    530.263958  620.518333  
13    537.844583  645.714167  
14    543.016875  625.890000  
15    538.713333  677.718333  
16    535.715000  649.703333  
17    534.026667  637.544167  
18    524.902500  598.039167  
19    527.930000  572.480833  
20    521.738333  613.786667  
21    514.402500  591.998332  
22    510.137500  575.460833  
23    518.799167  594.432500  

asia-northeast1
      count        mean         std         min         25%         50%  \
hist                                                                      
00     61.0  545.338716   76.434994  332.237062  504.100833  529.824958   
01     61.0  497.027371   56.762638  299.760000  473.610000  492.578333   
02     61.0  477.290728   40.988884  294.488333  463.433333  475.375833   
03     61.0  477.198197   44.277017  287.171667  462.673333  478.409167   
04     61.0  463.517691   48.026646  284.053333  444.681667  465.535833   
05     61.0  464.508593   47.519034  288.616667  443.346667  468.185833   
06     61.0  475.400000   48.049563  298.680000  455.023333  481.766667   
07     61.0  479.045765   48.753848  312.315833  460.795000  484.540000   
08     61.0  483.599185   46.457572  318.400000  467.667500  487.300000   
09     61.0  505.110848   53.167564  305.700000  486.515833  502.295000   
10     60.0  537.650438   56.695672  337.402500  507.268612  536.009303   
11     60.0  533.134842   55.950073  329.846539  504.094375  538.507500   
12     60.0  569.384962  115.431362  300.475000  497.795208  549.425102   
13     60.0  548.449353   79.879299  331.510833  499.010000  537.383163   
14     60.0  517.521046   50.824911  316.219167  492.386042  513.575833   
15     60.0  537.075222   70.755269  314.539167  506.014792  530.104681   
16     60.0  565.042528   98.374462  331.660000  507.689583  547.702083   
17     60.0  549.436049   75.744448  351.189167  511.055625  540.565295   
18     60.0  535.576975   56.897089  339.152500  504.689583  541.977917   
19     60.0  519.251296   51.448260  339.158333  493.749583  517.300417   
20     60.0  513.633432   48.380519  332.035863  490.123750  512.027083   
21     60.0  519.292789   63.006795  319.203503  487.692083  512.124167   
22     60.0  509.659431   50.805338  313.691667  489.105833  513.830000   
23     61.0  501.098393   47.371587  326.428333  478.320833  493.535000   

             75%         max  
hist                          
00    592.439865  729.874895  
01    522.968333  750.976608  
02    502.843333  546.248333  
03    503.777500  534.641667  
04    490.212500  556.593333  
05    493.331667  535.529167  
06    508.923333  560.065000  
07    507.361667  570.785833  
08    506.624167  561.454167  
09    536.960000  648.635678  
10    565.318542  653.785000  
11    570.582708  650.334167  
12    591.973542  968.937343  
13    578.564167  772.606667  
14    547.658750  623.611667  
15    560.990833  839.983221  
16    596.070536  888.545000  
17    578.908291  856.527106  
18    566.477083  719.369475  
19    546.885625  679.104254  
20    540.393750  642.069224  
21    536.260104  720.008333  
22    535.617917  649.837500  
23    528.747500  602.234167  

australia-southeast1
      count        mean        std         min         25%         50%  \
hist                                                                     
00     61.0  432.400314  24.798976  379.772500  415.665000  425.664167   
01     61.0  429.799126  24.770267  376.256667  413.408333  424.241667   
02     61.0  428.823388  25.098485  382.405833  407.818333  423.141667   
03     61.0  427.821257  26.790465  384.002500  411.307500  423.592500   
04     61.0  426.564126  26.108706  318.108333  411.343333  421.683333   
05     61.0  430.734645  31.650349  270.820833  415.390833  429.460833   
06     61.0  433.249508  31.058763  273.219167  420.010833  431.158333   
07     61.0  427.588948  31.235058  269.105000  414.450833  426.306667   
08     61.0  430.331762  33.192757  268.968333  416.929167  426.870833   
09     61.0  433.536995  34.411349  269.979167  415.157500  430.590000   
10     61.0  437.836397  32.966378  271.661667  422.809167  436.176667   
11     60.0  442.369167  27.582049  395.005000  424.344167  437.564583   
12     60.0  442.745065  27.161244  394.001667  421.425833  439.436667   
13     60.0  438.811250  29.322998  386.131667  419.305000  432.766667   
14     60.0  441.831978  30.090098  391.710833  423.124583  434.380000   
15     60.0  438.769250  32.243650  334.725000  417.827708  436.577083   
16     60.0  441.627689  34.950700  279.977500  421.915208  438.295000   
17     60.0  441.767722  34.290373  309.322500  420.008125  436.126667   
18     60.0  438.383847  31.670066  308.960000  420.734375  432.999583   
19     60.0  434.814125  30.589622  325.171667  414.929167  431.018750   
20     60.0  435.041246  31.461048  316.162500  418.191042  426.155000   
21     60.0  437.819167  26.773003  379.458333  420.577292  433.021250   
22     60.0  437.706444  25.110716  383.904167  423.877292  434.614167   
23     60.0  435.480847  28.816498  386.118333  415.377708  429.299167   

             75%         max  
hist                          
00    452.686667  507.575833  
01    448.802500  498.848333  
02    443.440000  495.135000  
03    446.286667  525.455833  
04    443.202500  492.470833  
05    447.481667  493.290833  
06    447.260833  499.965833  
07    443.023333  507.690833  
08    447.187500  525.505000  
09    451.882500  522.842500  
10    451.644167  527.685000  
11    450.919583  512.907500  
12    453.930000  505.777500  
13    453.489167  506.710000  
14    457.528750  521.799167  
15    456.217917  516.431667  
16    460.191875  506.357500  
17    465.123125  519.974167  
18    465.813542  498.753333  
19    461.557708  501.874167  
20    454.456458  520.687500  
21    457.025833  513.106667  
22    451.589583  519.154167  
23    452.347917  514.858333  

europe-west3
      count        mean        std         min         25%         50%  \
hist                                                                     
00     61.0  479.448763  27.079546  422.372500  460.701667  479.095833   
01     61.0  474.017213  26.141571  426.871667  451.925833  470.187500   
02     61.0  468.370765  29.345667  401.610833  448.453333  467.313333   
03     60.0  465.438736  27.935426  395.211667  446.756250  460.365000   
04     60.0  475.564847  35.626425  408.609167  451.279792  469.565833   
05     60.0  467.869667  30.444897  401.745833  450.317500  471.436250   
06     60.0  466.596189  31.657884  402.317500  445.758542  465.978333   
07     60.0  466.746972  32.030328  406.032500  450.202708  463.634167   
08     60.0  478.410863  31.109391  414.270833  455.362083  482.938750   
09     60.0  483.745175  34.604421  413.235000  457.240173  478.245833   
10     60.0  489.399479  33.902344  415.745833  465.429792  487.550833   
11     60.0  489.677181  35.928638  419.493333  465.485833  484.687500   
12     60.0  497.977483  35.253301  418.329167  475.289583  490.188230   
13     60.0  500.295635  37.475185  431.042500  477.110417  498.911667   
14     60.0  502.730300  39.359564  424.648333  472.782053  498.225417   
15     60.0  499.233123  37.510748  421.584167  475.753958  493.591250   
16     61.0  498.601116  31.205284  435.133333  478.749167  496.045000   
17     61.0  498.236172  33.822595  427.099167  475.530000  493.071667   
18     61.0  499.234961  33.286251  449.874167  477.145000  489.983333   
19     61.0  489.704821  29.657974  417.955000  468.705833  489.054167   
20     61.0  493.608659  34.581727  431.450000  471.097500  491.375833   
21     61.0  489.912635  31.317570  431.475833  467.300000  485.205833   
22     61.0  484.775876  26.290753  424.465000  464.759167  482.608333   
23     61.0  482.073398  27.797314  425.604167  460.219167  483.872500   

             75%         max  
hist                          
00    491.935000  551.975000  
01    496.646667  548.839167  
02    483.800833  539.229167  
03    488.206667  530.824167  
04    503.366875  569.312500  
05    484.607500  535.572500  
06    481.045833  549.957500  
07    483.838542  545.375833  
08    496.497708  548.635833  
09    505.643333  577.160000  
10    504.552500  575.049167  
11    510.945208  568.956667  
12    521.118333  582.633333  
13    519.229792  593.615000  
14    533.272917  638.028333  
15    522.991042  578.683903  
16    518.280833  578.872500  
17    518.777500  572.936614  
18    518.439167  604.733333  
19    508.445833  544.620000  
20    513.877500  570.432500  
21    504.303333  568.089167  
22    503.625000  560.645833  
23    501.771667  533.808333  

northamerica-northeast1
      count        mean        std         min         25%         50%  \
hist                                                                     
00     60.0  463.054165  21.606461  430.175000  447.720208  457.213750   
01     60.0  463.939736  20.351075  429.995833  449.880417  458.160000   
02     60.0  463.015542  21.868339  422.400000  447.786250  456.599167   
03     60.0  462.846194  21.091979  429.891667  446.452083  456.942083   
04     60.0  461.393333  19.594465  429.157500  443.505000  457.483333   
05     60.0  460.323667  20.136522  427.528333  445.393750  452.647917   
06     60.0  462.886764  19.535331  429.111667  447.387292  456.218750   
07     60.0  462.455681  21.744685  429.539167  445.831458  456.857500   
08     60.0  466.080458  22.567302  431.543333  449.453750  457.613333   
09     60.0  468.480569  23.904468  432.129167  449.807917  461.787083   
10     61.0  470.335683  21.285730  436.355833  455.986667  464.127500   
11     61.0  470.145765  19.720270  438.550000  454.973333  465.013333   
12     61.0  473.743415  25.054246  438.337500  454.332500  467.625833   
13     61.0  471.083115  23.265333  428.063333  452.938333  467.299167   
14     61.0  468.628183  21.559630  437.100000  451.180000  462.111667   
15     61.0  470.395437  22.941780  435.366667  452.389167  464.881667   
16     61.0  468.273604  19.644341  433.077500  455.070000  466.025000   
17     61.0  469.323197  19.217753  434.500833  454.905833  466.295833   
18     61.0  467.399956  20.649816  426.898333  451.531667  463.822500   
19     61.0  463.947828  22.444511  421.617500  448.797500  458.780833   
20     61.0  466.772814  19.966084  438.620833  450.479167  459.788333   
21     60.0  461.118889  19.965227  427.221667  445.578542  457.182500   
22     60.0  463.448042  20.815527  419.040000  447.995208  459.941667   
23     60.0  462.487236  20.864258  431.660833  443.808125  455.829167   

             75%         max  
hist                          
00    482.246042  508.900000  
01    480.569167  507.912500  
02    483.714167  511.184167  
03    483.144375  505.363333  
04    478.132083  503.369167  
05    475.913542  502.398333  
06    483.853750  502.904167  
07    478.700000  516.761667  
08    486.589583  536.231667  
09    485.843125  525.753333  
10    485.576667  520.854167  
11    488.731667  513.065000  
12    491.039167  575.951667  
13    487.622500  558.235000  
14    490.561667  521.663333  
15    490.552500  531.580000  
16    483.725000  517.337500  
17    484.955833  505.950833  
18    484.780833  506.738333  
19    480.709167  554.325833  
20    483.832500  510.528333  
21    476.060000  507.084167  
22    475.808542  525.439167  
23    479.922083  525.614167  

us-east4
      count        mean        std         min         25%         50%  \
hist                                                                     
00     60.0  477.149368  35.783028  416.925000  444.712083  479.820000   
01     60.0  488.564264  40.768910  417.694167  459.264375  481.755000   
02     60.0  476.663917  38.521622  405.786667  449.279375  469.719167   
03     60.0  473.142306  37.146569  420.473333  452.035625  471.090000   
04     60.0  475.074931  36.753633  411.815833  445.263542  475.233750   
05     60.0  471.497625  37.667528  406.077500  444.356042  469.707083   
06     60.0  474.407417  36.474773  421.284167  443.828542  470.398750   
07     60.0  477.722097  37.884233  422.045833  445.483958  470.218333   
08     60.0  475.988778  36.106696  416.473333  448.743958  472.856667   
09     60.0  488.308083  37.153069  411.935833  460.989167  480.209583   
10     61.0  490.645874  38.765931  422.190833  457.900833  483.875000   
11     61.0  494.096489  41.907284  422.750000  460.813333  491.227500   
12     61.0  498.566243  42.367314  426.535833  468.270833  497.469167   
13     61.0  495.759973  37.462879  429.471667  470.287500  490.068333   
14     61.0  505.985587  37.694372  428.367500  479.499167  506.502500   
15     61.0  499.290273  44.766898  429.029167  465.971667  496.514167   
16     61.0  494.888702  42.771862  423.427500  460.932500  480.615833   
17     61.0  499.356483  40.298511  425.345833  470.193333  493.355833   
18     61.0  488.097719  42.670551  425.326667  456.878333  476.775833   
19     61.0  482.364016  38.733485  426.980833  449.913333  474.435000   
20     61.0  481.536093  39.225658  419.145000  454.505000  474.603333   
21     60.0  485.146583  37.607092  424.979167  457.142917  479.848333   
22     60.0  480.662583  40.749155  405.636667  451.131875  475.893333   
23     60.0  480.284681  36.262854  427.110000  453.488750  476.545417   

             75%         max  
hist                          
00    501.000000  591.859167  
01    518.705417  617.045833  
02    505.721250  609.557500  
03    488.254167  652.301667  
04    496.110625  588.641667  
05    497.386875  576.788333  
06    495.528333  577.862500  
07    502.405208  611.090000  
08    499.930208  611.983333  
09    513.538542  577.750833  
10    515.504167  586.340833  
11    521.393333  609.014167  
12    526.360833  616.829167  
13    525.295000  585.562500  
14    530.205000  583.579167  
15    526.055000  625.539167  
16    527.358333  591.333333  
17    525.555000  593.984167  
18    517.805000  602.214167  
19    510.472500  614.871667  
20    505.620000  635.408333  
21    511.410833  581.761667  
22    503.563958  605.286667  
23    500.802500  610.420000  

southamerica-east1
      count        mean        std         min         25%         50%  \
hist                                                                     
00     60.0  449.627738  41.096960  273.350000  433.710208  450.678750   
01     60.0  443.292992  43.737131  262.437500  425.878542  437.979583   
02     60.0  446.469316  43.405203  268.404504  430.345000  442.144167   
03     60.0  445.544771  45.316671  254.628333  428.476250  439.050833   
04     60.0  441.964860  42.112510  260.039167  424.944792  440.417500   
05     60.0  440.632165  44.651668  260.070000  426.155208  433.507500   
06     60.0  440.043208  42.016542  266.274167  427.610000  434.197917   
07     60.0  442.780275  45.655536  253.853333  423.915000  441.360000   
08     60.0  454.156003  43.781730  272.615000  440.825833  449.707500   
09     60.0  457.116785  45.170832  265.086667  439.779583  454.337972   
10     60.0  470.758959  43.220812  278.789167  451.818750  471.801667   
11     61.0  473.120740  48.432802  276.089167  452.221667  473.793333   
12     61.0  472.335854  47.154790  272.653333  458.357500  471.337500   
13     61.0  468.319152  46.634610  267.639167  448.500000  468.695833   
14     61.0  467.252928  47.177285  267.347500  447.330833  463.716667   
15     61.0  463.687155  45.611784  263.940833  444.280000  463.440833   
16     61.0  466.032337  44.774903  274.677500  451.348333  465.321667   
17     61.0  463.764322  47.613785  265.646667  444.008333  462.605833   
18     61.0  463.085472  48.157374  274.347500  448.555000  461.444167   
19     61.0  454.931340  49.169900  273.653333  439.677500  454.528333   
20     61.0  456.247911  48.172116  262.185000  442.967500  459.280833   
21     61.0  453.990101  50.798276  261.620000  443.503333  452.367500   
22     60.0  453.545992  43.838210  267.464167  437.874375  453.464583   
23     60.0  447.632499  42.491123  270.036667  431.508542  446.304583   

             75%         max  
hist                          
00    471.225000  512.301667  
01    465.838750  513.678333  
02    471.544583  512.661667  
03    480.144850  507.694167  
04    462.669477  512.518333  
05    459.826667  523.293333  
06    466.582083  498.906667  
07    461.299792  535.695000  
08    484.090297  526.480833  
09    483.983125  533.540833  
10    496.640833  532.029167  
11    496.668333  561.660000  
12    491.373333  568.045000  
13    499.008333  557.349167  
14    493.956667  551.734167  
15    488.003333  538.859167  
16    489.373333  541.680000  
17    491.600000  538.305833  
18    491.903333  534.268333  
19    484.688333  533.739167  
20    486.228333  534.158333  
21    487.069167  533.655833  
22    483.565527  542.290000  
23    476.036042  517.992500  

us-west2
      count        mean        std         min         25%         50%  \
hist                                                                     
00     60.0  498.225428  63.496470  287.770000  475.640417  499.223750   
01     60.0  478.304408  58.383736  281.138333  460.039167  471.569583   
02     60.0  479.698469  58.906423  284.377500  459.254792  474.410000   
03     60.0  485.441708  60.064992  275.115833  470.293750  480.839167   
04     60.0  492.058020  65.422759  271.581667  469.153750  491.036885   
05     60.0  495.349400  58.598191  285.546667  474.928750  498.805833   
06     60.0  499.676014  64.796952  283.198333  480.138333  496.365833   
07     61.0  512.557992  66.832565  287.761667  490.957500  512.522500   
08     61.0  511.623210  69.853718  280.681667  491.449167  513.877500   
09     61.0  510.412855  68.530162  281.251667  492.637500  509.606667   
10     61.0  514.139328  67.713322  286.180833  490.236667  519.703333   
11     61.0  508.618726  67.531473  281.380000  489.332500  506.869167   
12     61.0  508.397090  65.967354  281.717500  491.795833  509.824167   
13     61.0  484.493244  58.437675  283.099167  465.940833  481.685833   
14     61.0  488.795549  59.608314  290.173333  469.233333  486.006667   
15     61.0  492.526926  65.708024  285.799167  468.640000  487.379167   
16     61.0  498.078989  66.903682  278.004167  472.830000  492.343333   
17     61.0  506.357590  70.430932  276.172500  483.641667  509.403333   
18     60.0  507.744778  71.117774  280.792500  483.001667  507.621667   
19     60.0  506.976958  69.412374  289.625000  484.599167  505.103333   
20     60.0  508.404091  67.577956  289.545833  487.986875  508.598333   
21     60.0  502.991365  65.193293  276.500833  484.053750  502.217500   
22     60.0  502.899995  65.487751  288.449167  482.212917  501.081667   
23     60.0  499.009398  64.282576  285.388333  482.845833  497.533750   

             75%         max  
hist                          
00    527.609583  641.421667  
01    502.213750  644.057500  
02    509.010833  604.952500  
03    516.425625  597.660000  
04    515.444375  625.271285  
05    523.387292  617.055833  
06    525.895625  670.655000  
07    539.745833  666.590000  
08    537.332500  742.726667  
09    536.183333  686.921667  
10    545.387500  668.019167  
11    534.588333  682.577500  
12    534.885000  682.757500  
13    513.460833  603.753333  
14    525.149167  611.674167  
15    520.951667  636.133333  
16    525.357500  644.951667  
17    527.521667  681.816667  
18    531.430000  713.940833  
19    523.256875  715.779167  
20    530.262500  697.450833  
21    536.685625  671.381667  
22    529.573958  654.754167  
23    527.505417  681.047500  

us-west4
      count        mean        std         min         25%         50%  \
hist                                                                     
00     60.0  470.029903  20.874202  425.515833  454.589167  471.052917   
01     60.0  473.719194  22.459827  431.510833  456.851250  473.594583   
02     60.0  475.211396  23.180875  422.255833  461.585625  473.360833   
03     60.0  469.280500  20.912706  424.392500  456.157500  470.698750   
04     60.0  470.791722  21.050748  421.925833  459.004583  469.152917   
05     60.0  471.742625  21.649213  422.655833  460.844375  471.315417   
06     60.0  471.944583  21.432625  432.915833  458.805417  469.133750   
07     61.0  471.156708  21.834555  421.486667  457.850000  468.880000   
08     61.0  473.689249  24.204320  417.026667  456.215000  470.084167   
09     61.0  473.404426  22.176036  429.204167  458.735000  471.308333   
10     61.0  473.605314  23.060986  425.856667  457.313333  469.994167   
11     61.0  473.349891  21.950568  434.238333  460.160000  469.663333   
12     61.0  473.088374  22.626745  425.675833  457.710000  466.987500   
13     61.0  469.815150  21.229041  412.840000  455.248333  467.038333   
14     61.0  473.047418  23.967668  421.732500  455.295833  467.851667   
15     61.0  472.862855  21.800360  415.539167  457.950000  467.005833   
16     61.0  471.832008  23.373642  427.024167  458.129167  467.029167   
17     61.0  475.733115  21.044447  421.912500  461.955000  475.369167   
18     60.0  471.777403  22.222336  424.245000  456.307917  467.992083   
19     60.0  473.739958  24.275798  422.578333  461.074375  471.270417   
20     60.0  471.995236  20.242139  427.935833  460.099375  468.957500   
21     60.0  471.666139  19.050840  431.906667  460.278333  470.874583   
22     60.0  472.615361  22.398353  426.819167  458.030417  471.494167   
23     60.0  469.923583  22.078801  425.533333  456.801250  471.287500   

             75%         max  
hist                          
00    482.808958  517.545833  
01    487.617292  523.611667  
02    492.207292  526.475833  
03    478.736458  524.620000  
04    479.934583  522.240000  
05    484.813125  522.807500  
06    483.537708  525.669167  
07    484.653333  521.605000  
08    484.828333  528.660000  
09    481.170833  543.035000  
10    489.041667  529.412500  
11    486.369167  530.575833  
12    487.915833  534.819167  
13    481.885000  523.560833  
14    490.961667  529.995000  
15    485.679167  530.632500  
16    486.620833  536.860833  
17    488.853333  520.478333  
18    484.120833  530.455833  
19    489.237917  521.130833  
20    484.315208  517.440000  
21    483.469792  515.958333  
22    484.246042  516.405000  
23    482.403750  529.464167  

