asia-south1
      count       mean        std        min        25%        50%        75%  \
hist                                                                            
00     61.0 -15.861924   5.657228 -30.751981 -19.304136 -15.381679 -13.053770   
01     61.0 -23.112481   6.263099 -36.307351 -28.245313 -22.632800 -18.411255   
02     61.0 -25.067538  10.258388 -45.899980 -33.408430 -24.683039 -17.724667   
03     61.0 -33.440870   9.093371 -50.618512 -41.214340 -33.621423 -27.217049   
04     61.0 -32.994237  10.117430 -51.474813 -40.794757 -32.673701 -24.814268   
05     61.0 -33.065829   8.691249 -49.448730 -39.802504 -33.796350 -26.340047   
06     60.0 -11.804621  10.774384 -33.018781 -19.654855 -12.443667  -4.428043   
07     60.0  -6.455202   6.624706 -20.323286 -10.790627  -6.754164  -2.248616   
08     60.0   7.945092   9.263348 -12.770955   1.647836   6.374960  11.677085   
09     60.0   3.823548   6.834597 -11.567851  -1.442596   4.126645   8.844553   
10     60.0   8.494263  10.432215  -8.251150   0.833279   7.588558  12.641934   
11     60.0   9.563747   7.066039  -1.567804   3.073828   8.702258  15.287096   
12     60.0   9.932279   8.309844 -10.038007   4.369957  10.887040  13.180364   
13     60.0  17.127147   6.793030   3.211120  11.718788  17.595525  21.962804   
14     60.0  14.147911   6.696407   3.969321   9.240471  12.688439  17.221145   
15     60.0  10.701778   9.372696 -17.228524   6.906300  12.750567  16.388508   
16     60.0  17.315934   6.642078   7.926367  11.488782  15.599469  22.753243   
17     60.0  17.299919   9.537367  -2.598860  12.304267  16.439315  22.887612   
18     60.0  10.613653   8.411776  -7.472182   5.481120  10.653447  16.364717   
19     61.0   6.241729  12.816756 -14.376026  -2.437571   3.928370  11.847381   
20     61.0  19.307211  16.029106  -8.279182   6.907289  17.061870  27.999044   
21     61.0  16.934921  10.562851  -1.125753   7.534310  16.512707  23.000418   
22     61.0  13.792282   9.744288  -5.630657   7.432356  11.837124  21.017932   
23     61.0  -2.021798   3.798855  -9.430289  -4.644671  -2.308180   0.481249   

            max  
hist             
00    -3.924795  
01    -9.767549  
02    -0.294951  
03   -16.114421  
04    -6.595115  
05   -13.543397  
06     7.794919  
07     9.661554  
08    37.275401  
09    16.895205  
10    33.716433  
11    21.920361  
12    30.810258  
13    32.170754  
14    36.634588  
15    27.777568  
16    30.417615  
17    38.665633  
18    36.915270  
19    38.613087  
20    59.553954  
21    39.140060  
22    31.948991  
23     7.929857  

europe-west2
      count       mean        std        min        25%        50%        75%  \
hist                                                                            
00     61.0  -5.124408   7.489779 -19.263830 -11.498545  -3.524119   0.932852   
01     61.0 -11.762429   9.621546 -38.663112 -15.983640 -10.887203  -5.737268   
02     60.0  -8.317332   6.443473 -25.869840 -11.792549  -8.563379  -4.684142   
03     60.0 -14.135347   9.646723 -38.025447 -20.158043 -13.032467  -8.614806   
04     60.0  -8.008435   6.912399 -21.499629 -12.295905  -7.944245  -3.775987   
05     60.0 -16.850182   6.223177 -29.339457 -21.261197 -17.515064 -13.119153   
06     60.0 -15.379262   9.539886 -42.059315 -21.356889 -14.087156  -8.058923   
07     60.0  -2.166582   9.342032 -16.934662  -8.657193  -4.203298   2.964130   
08     60.0   0.987377   9.371889 -15.864035  -6.259717   1.369216   7.854879   
09     60.0  15.842827  12.402133  -5.155369   6.452278  15.497040  25.817112   
10     60.0  14.750570   8.294171  -2.498071  10.115304  13.068224  19.705987   
11     60.0  11.759339   8.998498  -6.875042   4.819870  11.400045  17.595818   
12     60.0  10.728346   7.538129 -10.138597   6.797251  11.085296  15.766113   
13     60.0  10.159225   7.809716  -5.218129   5.228293  11.086692  12.988110   
14     60.0  13.137254  11.392336  -4.203042   5.698195   9.732999  18.219995   
15     61.0   7.831349   7.393895  -7.381679   3.367582   8.686409  12.321150   
16     61.0   9.287983  10.340903 -24.301249   3.679337  10.389855  16.938086   
17     61.0   7.393161   9.308354 -10.404246   1.628903   6.199556  11.267037   
18     61.0   0.418283   8.507894 -16.455043  -5.702406  -0.301106   7.465212   
19     61.0   0.506687   6.697452 -20.788466  -2.535096   1.180914   4.605042   
20     61.0   2.105424   8.555149 -36.834805  -1.231172   3.314250   7.465155   
21     61.0  -6.988097   5.922243 -22.069769 -10.244841  -6.829451  -4.434394   
22     61.0  -6.963511   6.602986 -32.130500  -9.365620  -5.982331  -2.561245   
23     61.0 -10.834506   6.201605 -23.332405 -13.928505 -10.820307  -6.596012   

            max  
hist             
00    11.217320  
01     5.755527  
02    11.452919  
03     9.446934  
04     9.848705  
05    -4.344301  
06     2.615700  
07    20.813333  
08    26.287916  
09    39.088652  
10    44.745048  
11    34.064602  
12    30.932539  
13    41.720738  
14    50.593979  
15    23.882909  
16    24.672614  
17    43.449425  
18    14.664908  
19    13.886137  
20    13.295761  
21     5.671186  
22     4.427584  
23     2.849333  

asia-northeast1
      count       mean        std        min        25%        50%        75%  \
hist                                                                            
00     61.0  22.847779  29.145100 -22.767614   5.208362  14.612109  31.583496   
01     61.0 -19.535582   9.571888 -39.481212 -26.021469 -18.360915 -12.574277   
02     61.0 -34.201100  14.388179 -71.072567 -46.893581 -32.300757 -21.763273   
03     61.0 -33.420280  13.621608 -58.615043 -44.643260 -31.726622 -25.151268   
04     61.0 -44.536142  13.356381 -72.263668 -52.694700 -42.583866 -34.620906   
05     61.0 -45.381935  10.863500 -68.050260 -51.522326 -44.100879 -38.416842   
06     61.0 -33.952343  16.737085 -68.453702 -46.683663 -31.872729 -21.787908   
07     61.0 -29.406073  13.681072 -57.324837 -35.707793 -26.857278 -21.245175   
08     61.0 -24.363734  10.395243 -40.063434 -33.249992 -25.284085 -18.354061   
09     61.0  -3.134712   9.298686 -20.583646 -10.657344  -2.262014   2.158336   
10     60.0  28.370018  11.410118  12.839515  18.518773  28.528530  36.083037   
11     60.0  21.801352  11.727752  -2.424617  14.380545  22.498374  29.373491   
12     60.0  57.193617  66.025182 -14.645354  17.442888  31.691575  69.872912   
13     60.0  37.246774  27.690766  -6.864183  15.805570  30.137242  59.968281   
14     60.0   4.750421  10.038202 -17.675591  -3.060122   3.429232  11.302567   
15     60.0  17.071936  15.963240 -19.689816  10.038380  14.586646  23.761078   
16     60.0  39.381050  27.024309   8.209369  20.339592  28.918470  47.389215   
17     60.0  25.532928  12.857489 -10.920953  17.868176  26.041857  34.143786   
18     60.0  22.374507  17.192712 -13.436229  11.826814  22.791501  29.810587   
19     60.0   3.796246  14.389389 -50.499867  -4.018748   6.464629  13.825375   
20     60.0   2.770105  13.600270 -35.836042  -6.926897  -0.671907  12.054297   
21     60.0  -1.769667  12.064277 -39.271826  -7.473321  -2.575936   3.742342   
22     60.0  -3.072501  11.447247 -25.931964 -11.083198  -4.893798   6.339648   
23     61.0  -9.407773   9.548366 -35.667688 -16.004692  -8.551042  -2.389250   

             max  
hist              
00    115.052003  
01      1.057465  
02    -11.714640  
03      3.836145  
04    -19.010680  
05    -25.409007  
06     -2.356236  
07     -2.355251  
08      3.782554  
09     18.726695  
10     49.768618  
11     53.097543  
12    270.777788  
13    100.319584  
14     26.182677  
15     58.959986  
16    105.691802  
17     48.699725  
18     90.234518  
19     24.529639  
20     32.092833  
21     21.209054  
22     18.247130  
23      9.363209  

australia-southeast1
      count      mean        std        min        25%       50%        75%  \
hist                                                                          
00     61.0 -2.137872   9.827425 -13.758408  -7.128497 -3.901815  -1.050999   
01     61.0 -6.064064  10.597450 -22.290998 -10.506694 -7.164505  -3.303702   
02     61.0 -7.293500   5.882585 -21.184481 -10.950921 -7.388210  -2.917229   
03     61.0 -7.171171  11.940995 -24.793442 -12.375715 -9.187223  -4.548747   
04     61.0 -8.017769   4.782409 -19.511837 -11.592696 -7.466718  -3.814268   
05     61.0 -5.023702   9.191295 -49.182434  -6.769772 -3.595112   0.641257   
06     61.0 -2.606345   9.882999 -42.657469  -6.139064 -0.829148   4.028431   
07     61.0 -8.043188   8.354555 -42.500888 -11.282996 -7.513344  -3.088987   
08     61.0 -5.921967   7.517209 -40.151709  -8.959937 -5.752929  -1.506466   
09     61.0 -1.594541   7.081247 -38.312766  -3.074728 -1.043767   1.846789   
10     61.0  0.978768   9.326493 -31.761499  -3.792700  2.122587   8.340476   
11     60.0  8.718373   9.219035 -10.509495   2.475562  5.944820  15.116955   
12     60.0  7.104080   7.766240  -6.740419   0.548658  8.073794  12.194475   
13     60.0  2.568285   5.631377  -5.694287  -1.991181  2.283576   6.740491   
14     60.0  3.861461   7.871083  -7.949688  -2.320060  1.788511   8.336745   
15     60.0  4.136283   9.156065 -20.239639  -3.088577  4.219192  10.678921   
16     60.0  8.177488   7.771974  -8.212192   3.475238  6.844707  11.770313   
17     60.0  3.632711  10.811260 -39.281760  -0.853782  6.193645  10.452206   
18     60.0  1.805263   8.410437 -35.316991  -1.273942  4.489003   6.272316   
19     60.0  0.333126   6.286515 -16.492524  -4.249300 -0.183509   4.655138   
20     60.0 -0.236941   8.102046 -22.317991  -5.677636 -0.008236   6.417198   
21     60.0  4.680005   8.419725  -9.268673  -0.593687  3.903579   7.200009   
22     60.0  5.333626   8.500117 -10.217469   1.612822  5.426926   8.690224   
23     60.0  1.149084  11.649274 -25.266906  -3.259345  1.657067   5.845678   

            max  
hist             
00    46.885589  
01    46.020842  
02     3.007032  
03    50.148012  
04     0.433325  
05     4.182392  
06     9.784729  
07     7.009996  
08     9.838222  
09     9.637599  
10    15.773973  
11    32.233933  
12    25.688584  
13    25.089021  
14    26.947791  
15    21.446300  
16    28.668885  
17    18.410374  
18    15.317673  
19    14.088884  
20    12.290562  
21    41.890898  
22    41.003725  
23    43.820891  

europe-west3
      count       mean        std        min        25%        50%        75%  \
hist                                                                            
00     61.0  -3.966692  10.008065 -22.435081 -10.684978  -5.100508   2.074100   
01     61.0  -9.585139   8.795947 -29.803747 -14.755774  -9.751967  -3.989801   
02     61.0 -13.061154   8.188359 -30.774720 -17.577907 -13.337977  -9.471654   
03     60.0 -19.646311   9.530684 -37.031486 -27.587280 -19.705544 -15.014803   
04     60.0  -7.688935  10.874737 -32.625046 -14.145525  -8.662816   0.438308   
05     60.0 -17.354223   7.905109 -34.073002 -22.694690 -17.495865 -11.833319   
06     60.0 -15.899119  10.646168 -39.725729 -22.489337 -13.044079  -6.436817   
07     60.0 -17.087671  11.243808 -46.995686 -22.207859 -14.186995  -8.981870   
08     60.0  -3.973789   6.796997 -19.507326  -7.969762  -3.738191   1.182219   
09     60.0  -2.572359   9.159509 -20.895054  -9.309579  -3.203673   2.841912   
10     60.0   2.977427   8.796461 -15.949452  -1.375169   2.704649   7.806688   
11     60.0   5.249762  11.645144 -17.097978  -2.780026   5.193886  12.168053   
12     60.0  12.648031  10.069379 -13.269993   5.909381  11.969917  21.465781   
13     60.0  13.095042  10.007880  -3.542904   5.091255  12.871641  19.326111   
14     60.0  15.992255  10.872615  -1.710120   7.903850  14.401706  25.829028   
15     60.0  10.298201   9.327425 -16.357150   4.352867  10.759026  17.370333   
16     61.0  13.084411   9.361422  -3.372888   6.242773  11.073436  22.444254   
17     61.0  10.161602   7.417025 -10.856784   6.621805  11.479861  14.179673   
18     61.0  10.200850   8.869130  -8.555307   2.772212   8.873485  15.332169   
19     61.0   8.089937   7.666597 -10.823315   4.069027   9.238361  12.766557   
20     61.0   9.822102  10.019201  -6.499305   1.725019   9.096580  17.255059   
21     61.0   3.300900  11.592184 -36.165176  -1.176032   5.545723   9.860617   
22     61.0  -1.856779   8.357459 -15.437915  -8.708024  -1.795401   3.317623   
23     61.0  -1.925631   8.383556 -16.512782  -7.631689  -2.389004   3.850215   

            max  
hist             
00    19.579123  
01     8.655582  
02     6.638000  
03     3.454737  
04    12.046304  
05    -0.320782  
06    -1.337373  
07    -1.399475  
08     7.578174  
09    18.242418  
10    30.670012  
11    28.546196  
12    34.462994  
13    37.813217  
14    44.523209  
15    29.692916  
16    29.218485  
17    23.358991  
18    29.346941  
19    23.013430  
20    34.572782  
21    29.622895  
22    15.565737  
23    17.160280  

northamerica-northeast1
      count      mean       std        min       25%       50%        75%  \
hist                                                                        
00     60.0 -1.668657  6.105192 -14.349465 -5.023597 -0.155402   2.568818   
01     60.0 -0.177951  2.911270  -6.839835 -2.322338 -0.791631   2.150611   
02     60.0 -1.587586  4.532819 -11.436552 -4.098963 -1.738727   0.711250   
03     60.0 -2.890024  6.047687 -14.002659 -7.808619 -3.451086   2.394205   
04     60.0 -3.271432  3.656838 -10.611967 -4.978296 -3.757081  -1.113777   
05     60.0 -5.615908  4.799625 -23.488778 -8.123183 -4.419778  -2.470355   
06     60.0 -2.737940  4.510464 -11.265973 -5.860975 -3.037977  -0.298000   
07     60.0 -4.520730  6.058561 -15.240931 -9.207242 -5.531778  -0.267645   
08     60.0  0.042002  3.956233  -7.220309 -2.503497  0.237510   3.141628   
09     60.0  0.534585  4.504643  -5.734526 -2.865470 -0.296702   2.397298   
10     61.0  4.453620  4.756826  -7.874292  2.305045  4.197526   7.326462   
11     61.0  2.165564  4.326064  -4.703517 -1.175933  1.386571   4.166399   
12     61.0  7.142344  5.609340  -4.118789  2.398485  6.786961  10.754430   
13     61.0  3.601019  6.863158  -9.291677  1.427145  2.825643   4.983545   
14     61.0  2.626506  5.773563  -9.260457 -0.119239  1.928392   4.732995   
15     61.0  4.407294  5.360790  -4.871689 -0.108185  3.418961   8.778560   
16     61.0  1.371135  4.208055 -11.433198 -1.367993  1.809962   3.683895   
17     61.0  4.365968  5.640691  -6.856475  0.638554  3.964339   8.659999   
18     61.0  0.934534  4.730727  -9.384036 -2.900956  1.840656   4.177119   
19     61.0 -1.354559  4.492116  -8.309405 -4.141104 -1.671539   1.138125   
20     61.0 -0.742384  5.778663 -17.290535 -3.172047 -0.055573   2.908003   
21     60.0 -2.966704  4.720658 -10.415928 -7.322448 -2.877688   0.660999   
22     60.0 -1.323294  4.989156 -15.256696 -4.469644 -1.371088   2.656487   
23     60.0 -3.277911  4.666069 -11.227629 -6.112386 -4.077932  -0.505394   

            max  
hist             
00     9.619785  
01     5.783576  
02     8.420867  
03     8.460399  
04     6.390265  
05     1.420442  
06     8.664936  
07     9.085566  
08     7.715586  
09    10.660967  
10    16.128009  
11    15.868033  
12    18.824331  
13    29.559172  
14    22.095418  
15    18.340516  
16    13.523808  
17    14.507701  
18    12.472643  
19    11.503895  
20    10.073901  
21     5.871680  
22     7.367406  
23    10.207443  

us-east4
      count       mean        std        min        25%        50%        75%  \
hist                                                                            
00     60.0  -7.001888  10.077454 -24.145578 -14.760247 -10.100617   0.122528   
01     60.0  -0.008906  10.337350 -20.249919  -7.523079  -1.489564   6.428904   
02     60.0 -12.373161  13.821544 -46.015930 -19.660260 -13.020680  -4.975029   
03     60.0 -14.001777  10.713397 -34.588634 -23.318855 -11.733408  -4.850063   
04     60.0  -6.998315  11.815890 -29.034815 -16.263048  -8.384119   0.521758   
05     60.0 -13.081239  13.774340 -30.321228 -22.419066 -17.519866  -6.117296   
06     60.0  -8.184560  12.287561 -31.197180 -15.769279  -9.308566  -3.275441   
07     60.0  -9.303790  12.348645 -31.530196 -19.211647  -9.984702  -2.429271   
08     60.0  -7.790273  11.450774 -26.414206 -17.938506  -6.543297   1.440998   
09     60.0   4.403791  11.795444 -15.362412  -4.685470   4.579877  10.996128   
10     61.0   3.348054  11.152002 -16.422335  -4.324153   2.032926  10.926123   
11     61.0   8.057789  13.328714 -19.982729  -1.504205   9.524744  18.740749   
12     61.0  16.304628  10.215928  -3.627111   8.737737  15.133518  24.883910   
13     61.0  10.854786  10.038233 -22.011169   5.142242  10.090486  13.833257   
14     61.0  21.418669  10.755354  -1.730186  13.101524  21.237734  29.881105   
15     61.0   8.182762  10.882487 -11.291789   0.572577   7.518398  13.432270   
16     61.0   5.820808  12.218216 -19.142451  -1.029590   5.408723  12.510066   
17     61.0  14.242154  11.631235 -13.373706   8.393478  12.658648  21.469639   
18     61.0   2.809754  14.180271 -26.694278  -6.111439   0.180602  10.043294   
19     61.0  -3.137139   6.035699 -20.083753  -6.469191  -3.037021   1.120169   
20     61.0  -5.437783   7.080995 -24.286780  -9.796920  -5.477433  -0.104453   
21     60.0  -0.062664   7.874587 -19.067368  -4.539166  -0.662375   3.014258   
22     60.0  -5.166018  10.982345 -24.756326 -13.674666  -6.998142   1.123771   
23     60.0  -4.234626   9.208646 -26.646760 -10.391986  -5.524743   3.504791   

            max  
hist             
00    15.670113  
01    19.774653  
02    17.332809  
03     6.212347  
04    21.618126  
05    40.865976  
06    30.610643  
07    20.529421  
08    17.835038  
09    33.261549  
10    24.751201  
11    30.982102  
12    36.825126  
13    38.639324  
14    40.857588  
15    45.260631  
16    30.380441  
17    43.943569  
18    38.875962  
19    10.318306  
20     7.835307  
21    20.347953  
22    23.454579  
23    11.779088  

southamerica-east1
      count       mean        std        min        25%        50%        75%  \
hist                                                                            
00     60.0  -5.185899   9.555006 -22.254243 -12.207708  -5.425062   4.500612   
01     60.0 -11.579638   7.982413 -35.789118 -16.405282 -12.252654  -7.647931   
02     60.0  -7.871060   6.980114 -20.347702 -14.304409  -6.399521  -3.080690   
03     60.0  -9.728158   6.684760 -21.314806 -14.738377 -11.016335  -5.585336   
04     60.0 -12.717810   7.090257 -25.448236 -17.077183 -13.415728  -9.435804   
05     60.0 -14.821155   7.591254 -34.751294 -17.459560 -14.566903  -9.879974   
06     60.0 -14.970461   8.026624 -30.279251 -20.922446 -14.951480 -10.790879   
07     60.0 -14.721428   6.537736 -24.979148 -20.880443 -14.584680 -10.528633   
08     60.0  -4.042861   6.295456 -21.700075  -8.735426  -4.025802  -0.017111   
09     60.0   0.834790   6.720914  -8.437502  -4.824189  -0.245875   5.552418   
10     60.0  14.262267   8.034637  -1.004453   9.228429  13.288661  16.715173   
11     61.0  15.057255  10.258619  -0.658865   7.475601  13.980990  21.919283   
12     61.0  15.395182   9.299591  -1.825996   8.547210  14.847118  21.211228   
13     61.0  12.506322   6.858510  -3.123221   8.140108  13.633888  17.590512   
14     61.0   9.425064   7.757987  -3.779742   3.222963   8.314543  15.583395   
15     61.0   7.541585   8.307561 -12.741556   3.183334   6.491664  12.575716   
16     61.0  11.805930  10.063736  -7.467829   6.612951  12.003052  15.654518   
17     61.0   5.912894   7.275418 -12.866613   1.064184   5.426592  10.615511   
18     61.0   7.738941   5.489002  -7.639628   4.940233   7.920565  12.523287   
19     61.0   1.833732   6.936708 -13.318135  -2.684226   1.880126   5.272921   
20     61.0   2.956153   5.546090 -11.147236  -0.075320   3.171981   5.852245   
21     61.0  -0.319625   6.199468 -11.401368  -4.256790  -0.492660   3.379447   
22     60.0  -0.481438   6.159982 -17.008008  -4.078721  -0.776814   2.564040   
23     60.0  -8.719906   7.657312 -27.436493 -14.288233  -7.924692  -3.196155   

            max  
hist             
00    11.460119  
01     5.440958  
02     6.431104  
03     6.502510  
04     5.106970  
05    -0.612793  
06     2.525451  
07    -1.674913  
08     7.494403  
09    18.841581  
10    43.229619  
11    44.831029  
12    39.114452  
13    27.984278  
14    25.866697  
15    29.248756  
16    41.845196  
17    19.348828  
18    16.558145  
19    21.351851  
20    15.702814  
21    14.832911  
22    11.225028  
23     9.029604  

us-west2
      count       mean        std        min        25%        50%        75%  \
hist                                                                            
00     60.0   0.208290   5.327465 -11.564744  -2.749258  -0.491585   3.020681   
01     60.0 -21.371447  14.248984 -58.613052 -29.963394 -18.809496 -10.600809   
02     60.0 -18.404973  12.866407 -46.413156 -28.345278 -16.953715  -9.576357   
03     60.0 -12.691911   9.931322 -31.559880 -18.610643 -12.453315  -6.345103   
04     60.0  -5.804837   7.787557 -21.006253 -10.846764  -6.407173   0.324508   
05     60.0  -5.028782  11.758329 -31.919959  -8.331191  -4.288597   3.156970   
06     60.0   0.092121   8.534714 -17.437154  -4.605418  -1.612568   4.685653   
07     61.0  13.389960   7.678076   1.427949   7.086353  12.570600  20.221673   
08     61.0   9.563116  11.155402 -17.415328   2.154674  10.760711  16.578171   
09     61.0   5.783626   7.411222 -10.971448   0.592607   6.296393  11.854616   
10     61.0  13.720098  10.652872  -9.134702   3.813377  14.881593  22.371301   
11     61.0  12.683422  10.784874 -10.757019   7.014084  11.161730  19.355337   
12     61.0  11.086510   8.566054  -7.302400   5.657572  10.424373  14.840151   
13     61.0 -12.042625  13.056496 -42.162203 -21.269400 -11.411462  -0.884203   
14     61.0 -11.964121  11.073049 -51.574625 -16.084043 -11.314813  -7.103406   
15     61.0 -11.468075   8.002988 -32.690102 -16.584996 -10.119148  -7.188528   
16     61.0  -4.627464   6.381013 -16.437882  -8.622873  -5.733231   0.274895   
17     61.0   7.660140   9.913865 -10.167992   1.414167   7.008468  13.183937   
18     60.0   7.472366   7.982361 -11.943879   2.464521   7.369009  14.493978   
19     60.0   5.917861  12.221080 -12.891603  -1.830011   4.501991   9.651478   
20     60.0   9.066615   8.958095  -7.367129   2.023931  10.238259  15.090740   
21     60.0   3.632572  10.419470 -14.038812  -3.600587   0.553569   8.659648   
22     60.0   2.694315   8.894807 -16.823420  -1.486687   1.815997   7.652670   
23     60.0  -1.233107   6.236488 -12.876650  -5.842008  -2.350215   4.450805   

            max  
hist             
00    12.432565  
01     4.233377  
02    18.878266  
03     7.073794  
04    13.957575  
05    13.603431  
06    30.135427  
07    29.424125  
08    44.908621  
09    17.937533  
10    33.285722  
11    38.748387  
12    40.510532  
13    10.614375  
14     5.523004  
15     5.488653  
16    12.644735  
17    36.981024  
18    18.923173  
19    42.950439  
20    30.111716  
21    31.113114  
22    22.717135  
23    11.253392  

us-west4
      count      mean       std        min       25%       50%       75%  \
hist                                                                       
00     60.0 -2.558640  5.224047 -13.900604 -6.758936 -1.910929  0.437992   
01     60.0  0.266112  6.587504 -12.492143 -3.982101 -1.295864  7.217972   
02     60.0  5.304118  7.116702  -6.606385  1.359583  2.966680  8.787992   
03     60.0 -2.230562  5.679174 -14.148570 -5.741426 -2.835150  2.142146   
04     60.0 -0.850792  4.322472  -7.467054 -4.581961 -1.062261  1.697129   
05     60.0 -0.226094  7.226641 -14.543219 -4.743873 -0.605863  5.097385   
06     60.0 -1.573143  4.280595  -9.783485 -5.075526 -1.444062  1.984055   
07     61.0 -2.333430  5.237325 -14.589941 -5.800873 -2.495179  1.675406   
08     61.0  0.491692  5.118781  -7.638754 -2.843579 -0.686552  3.158411   
09     61.0 -0.283725  3.666700  -8.925409 -1.937445  0.405120  2.023255   
10     61.0  0.243276  6.056669 -16.599423 -4.118482  0.814294  3.463106   
11     61.0  1.149266  5.575852  -6.014212 -2.919177 -0.173285  3.958879   
12     61.0 -0.331710  4.878293 -12.745901 -3.726588 -0.173008  3.312614   
13     61.0 -2.890510  4.341435 -12.026428 -6.354125 -2.603001 -0.753851   
14     61.0  0.009165  5.169223 -11.773033 -2.472770 -0.164611  2.759041   
15     61.0  0.774234  5.101313 -11.389511 -2.443228 -0.357216  4.027606   
16     61.0 -0.921769  9.032441 -47.476933 -2.972299  0.544826  3.510797   
17     61.0  3.255073  8.161904 -11.338117 -3.026859  2.958331  8.653722   
18     60.0  0.804183  6.566651 -11.738725 -4.338161  1.313526  5.920363   
19     60.0  1.140378  5.664143 -13.690190 -3.694146  1.230109  4.507609   
20     60.0 -0.329615  4.865613  -9.586928 -3.679768 -0.573809  2.994404   
21     60.0 -0.900822  5.816932 -11.309368 -6.609326 -0.607488  3.668282   
22     60.0  0.923593  5.142633 -12.201596 -2.140411 -0.042171  4.141698   
23     60.0  0.468251  6.405192  -9.263938 -4.198267 -0.110168  3.794608   

            max  
hist             
00    10.325708  
01    12.106087  
02    27.991691  
03     9.298329  
04     9.195455  
05    12.473463  
06     6.139233  
07     7.982169  
08    13.948068  
09     6.630614  
10    14.431861  
11    17.861966  
12     9.679577  
13    12.791319  
14    11.142365  
15    13.114196  
16     9.882872  
17    20.957632  
18    12.501247  
19    14.160262  
20     9.944359  
21     8.603395  
22    12.414170  
23    24.265446  

