australia-southeast1
      count        mean        std         min         25%         50%  \
hist                                                                     
1       9.0  434.929312  20.018218  412.496445  420.012072  427.753957   
2       9.0  434.002406  20.005727  410.899869  419.179330  427.287283   
3       9.0  433.031405  20.012246  409.260960  418.328702  426.266387   
4       9.0  432.085997  20.024751  407.582273  417.884645  424.748760   
5       9.0  431.097638  19.965666  405.865276  417.971213  424.442545   
6       8.0  433.169393  18.463839  415.536307  420.865725  426.978819   
7       8.0  432.195517  18.112499  414.046468  420.279004  427.046319   

             75%         max  
hist                          
1     451.505720  465.160829  
2     447.858613  464.606236  
3     443.973529  464.572950  
4     440.188208  464.722325  
5     436.372967  464.855991  
6     439.002809  464.969879  
7     436.121446  465.066227  

asia-south1
      count        mean        std         min         25%         50%  \
hist                                                                     
1       9.0  504.566600  28.025617  476.351284  483.102032  489.712073   
2       9.0  503.469294  27.908277  475.128254  482.719385  488.253507   
3       9.0  502.380283  27.993820  473.885870  482.475919  487.116461   
4       9.0  501.368562  28.162292  472.616401  481.724497  486.465664   
5       9.0  500.357856  28.292967  471.323200  481.168915  485.933569   
6       8.0  502.783751  27.692861  478.791028  482.630943  489.091752   
7       8.0  501.343952  26.845101  477.567724  482.789758  487.965682   

             75%         max  
hist                          
1     535.701467  544.143255  
2     531.279936  544.671240  
3     527.180656  545.203473  
4     523.160598  545.764424  
5     518.239080  546.344378  
6     520.452179  545.114494  
7     516.733644  543.667181  

europe-west2
      count        mean        std         min         25%         50%  \
hist                                                                     
1       9.0  499.367314  45.814290  411.889109  487.199283  488.284414   
2       9.0  496.146073  47.877106  399.251156  486.886475  488.543155   
3       9.0  492.786370  50.368756  386.517908  486.705733  488.550640   
4       9.0  489.172232  53.327541  373.685555  486.417107  488.397631   
5       9.0  485.071714  56.641627  360.777695  485.912181  488.227239   
6       8.0  497.167734  36.259251  437.420412  487.011787  488.507855   
7       8.0  493.898586  38.104910  424.498208  486.639358  488.220190   

             75%         max  
hist                          
1     527.633984  569.158013  
2     520.433452  566.223195  
3     513.335402  563.384123  
4     506.583300  560.638331  
5     499.989130  557.988072  
6     506.051097  555.444970  
7     502.372089  553.024174  

asia-northeast1
      count        mean        std         min         25%         50%  \
hist                                                                     
1       9.0  504.910092  49.079404  408.379709  500.232125  507.841624   
2       9.0  501.508588  51.987527  402.050337  498.054393  508.761872   
3       9.0  498.823588  54.110711  395.732635  493.113344  509.515180   
4       9.0  496.816731  55.286103  389.368088  487.357889  509.237867   
5       9.0  493.782588  57.325567  382.921872  481.082550  507.703676   
6       8.0  504.649429  43.935503  421.337665  496.625311  505.772762   
7       8.0  501.534095  45.635953  414.775328  492.224038  505.622785   

             75%         max  
hist                          
1     541.870212  559.329970  
2     534.308239  559.889090  
3     526.733199  560.922070  
4     518.611140  561.861825  
5     510.882694  560.711017  
6     522.639647  558.560022  
7     521.198768  558.681273  

europe-west3
      count        mean        std         min         25%         50%  \
hist                                                                     
1       9.0  489.148045  26.023225  451.430028  475.469116  481.726054   
2       9.0  487.567339  26.165216  447.972803  475.469601  478.319820   
3       9.0  485.966617  26.297974  444.507930  476.108771  478.484079   
4       9.0  484.392734  26.504142  441.064969  475.016871  478.451932   
5       9.0  482.803354  26.822954  437.678985  474.686166  477.772013   
6       8.0  487.019668  22.332197  458.314519  475.280322  478.658047   
7       8.0  485.586116  22.433811  454.872196  475.149291  478.760484   

             75%         max  
hist                          
1     509.696087  529.788481  
2     505.944923  528.938336  
3     501.924286  528.065888  
4     498.119207  527.156501  
5     494.317295  526.209628  
6     496.365843  525.248762  
7     492.589583  524.330334  

northamerica-northeast1
      count        mean        std         min         25%         50%  \
hist                                                                     
1       9.0  465.671823  16.447783  450.513242  455.334537  456.017794   
2       9.0  465.312657  16.272355  450.782371  454.764917  456.845941   
3       9.0  464.903507  16.073936  451.499666  453.524453  457.772522   
4       9.0  464.460192  15.900942  450.728700  452.417797  458.208469   
5       8.0  464.644211  16.705339  450.791609  452.753372  456.659753   
6       8.0  464.167380  16.464014  450.921792  453.291763  456.715215   
7       9.0  466.001025  16.588030  450.598540  454.294680  457.136500   

             75%         max  
hist                          
1     485.090143  490.974952  
2     482.147315  491.892857  
3     477.652117  492.422510  
4     472.851574  492.573804  
5     472.989016  492.335281  
6     469.678260  491.308713  
7     484.441373  489.774847  

southamerica-east1
      count        mean        std         min         25%         50%  \
hist                                                                     
1       9.0  452.255179  45.258771  347.434027  447.182755  454.646477   
2       9.0  449.243662  48.924897  332.936213  448.296692  453.404672   
3       9.0  445.522219  52.930544  318.341121  447.447626  451.955296   
4       9.0  440.591620  57.636487  303.662597  446.615604  451.642340   
5       8.0  454.329170  31.998587  391.310687  447.904201  453.098246   
6       8.0  451.444997  35.592566  376.272874  446.349443  453.463000   
7       9.0  455.152143  41.775972  361.845663  446.528511  455.627764   

             75%         max  
hist                          
1     469.794234  506.518362  
2     464.278550  505.169777  
3     458.848836  503.827632  
4     457.631606  502.488646  
5     463.857703  501.140941  
6     462.198896  499.767700  
7     474.890214  507.872733  

us-east4
      count        mean        std         min         25%         50%  \
hist                                                                     
1       9.0  487.459620  28.699537  458.154646  467.652237  475.669972   
2       9.0  485.835286  27.912721  455.091165  469.201505  474.712449   
3       9.0  484.107288  27.224003  452.049909  471.137784  474.744530   
4       9.0  482.357189  26.660709  449.034639  470.667496  473.178166   
5       8.0  485.035345  24.354102  464.496862  469.555245  476.083992   
6       8.0  483.594164  23.589313  464.364379  467.430348  476.563526   
7       9.0  489.001073  29.502749  461.243441  466.809129  476.319582   

             75%         max  
hist                          
1     500.035435  541.287671  
2     494.984903  539.114031  
3     489.847971  536.926781  
4     484.936180  534.719906  
5     488.650867  532.481889  
6     486.317735  530.208950  
7     504.818736  543.452553  

us-west2
      count        mean        std         min         25%         50%  \
hist                                                                     
1       9.0  494.801456  64.898265  345.430082  483.280254  498.512154   
2       9.0  490.558630  70.771863  324.920843  481.491058  498.577052   
3       9.0  485.145437  77.438963  304.145361  480.573727  499.602607   
4       9.0  479.753035  84.635906  283.134867  480.315824  499.986663   
5       8.0  500.539455  49.829127  405.714474  487.092150  500.646859   
6       8.0  496.402648  54.766869  385.652591  485.286805  499.013593   
7       9.0  498.507091  59.365272  365.663818  485.489642  499.208376   

             75%         max  
hist                          
1     526.141609  573.385283  
2     517.830435  570.186691  
3     510.851187  566.011044  
4     505.872606  566.797874  
5     515.800968  570.192125  
6     513.763931  572.970912  
7     535.325644  575.038577  

us-west4
      count        mean        std         min         25%         50%  \
hist                                                                     
1       9.0  471.209002  15.109712  449.195352  460.205986  467.561586   
2       9.0  470.416142  15.408731  446.330088  460.047444  466.433124   
3       9.0  469.653924  15.880983  443.450219  461.274323  465.101185   
4       9.0  468.906747  16.612917  440.579260  460.570762  463.710466   
5       8.0  471.841325  14.295620  457.599353  461.729738  466.691559   
6       8.0  470.971395  14.614730  454.816024  461.076053  466.888530   
7       9.0  472.051228  14.982404  452.026949  460.948467  468.562685   

             75%         max  
hist                          
1     488.470425  491.894067  
2     488.049584  490.349057  
3     485.075385  492.418036  
4     481.399295  494.804887  
5     480.007841  497.084106  
6     477.131004  497.273712  
7     487.292323  494.982625  

