australia-southeast1
      count      mean       std       min       25%       50%       75%  \
hist                                                                      
1       9.0 -2.401170  0.949197 -3.823374 -2.829660 -2.664725 -1.859274   
2       9.0  4.779842  4.257864 -2.292618  2.124794  5.489597  7.591790   
3       9.0  4.794710  4.730472 -0.011631  1.893152  2.628415  7.241526   
4       9.0  3.729737  8.050330 -9.469952 -1.161304  3.982699  9.149739   
5       9.0  2.033233  0.990754  0.201915  1.901710  1.941535  2.432861   
6       8.0 -6.383719  1.172681 -8.132659 -7.146202 -6.327488 -5.714801   
7       8.0 -7.060693  1.011798 -8.459888 -7.758660 -7.046808 -6.644716   

            max  
hist             
1     -0.714096  
2     10.806807  
3     13.907159  
4     15.339081  
5      3.744258  
6     -4.773120  
7     -5.158961  

asia-south1
      count      mean       std        min       25%       50%       75%  \
hist                                                                       
1       9.0  3.675011  0.772968   2.396179  3.166773  3.734238  4.333241   
2       9.0  3.740505  2.714069   1.379005  1.518010  2.735678  5.425369   
3       9.0 -1.168530  1.540491  -3.451370 -2.251117 -1.340484 -0.234537   
4       9.0  3.070000  2.771817  -2.200143  1.955324  4.122682  5.119593   
5       9.0 -3.433352  5.977963 -13.119306 -7.380740 -1.519873  1.221436   
6       8.0 -1.064223  6.613417  -6.030433 -5.447588 -4.965982  2.343585   
7       8.0 -6.341883  1.734322  -9.817748 -6.664192 -5.841465 -5.145124   

            max  
hist             
1      4.796476  
2      8.642068  
3      1.585644  
4      6.251383  
5      3.640392  
6     11.321812  
7     -4.762337  

europe-west2
      count       mean        std        min        25%        50%        75%  \
hist                                                                            
1       9.0  -3.627573   1.608586  -5.628351  -5.319885  -3.776353  -2.686064   
2       9.0   6.559577   1.084890   4.947249   5.758975   6.621650   7.311596   
3       9.0   1.144654   3.877413  -6.498017  -1.737501   1.925773   4.104231   
4       9.0   6.343822   5.697377  -1.939042   3.068412   5.890840   9.322235   
5       9.0 -11.878768  26.465167 -62.373501 -27.402786   0.665165   5.128120   
6       8.0  12.976532  18.983516  -2.175055   0.907698   2.874141  20.508288   
7       8.0 -16.792742   1.062897 -18.364922 -17.401235 -17.099410 -15.971647   

            max  
hist             
1     -1.029893  
2      8.363956  
3      5.136116  
4     16.121255  
5     12.054173  
6     49.725197  
7    -15.375464  

asia-northeast1
      count       mean        std        min        25%        50%        75%  \
hist                                                                            
1       9.0  23.106212   7.453236  14.027473  16.907088  22.963198  29.069243   
2       9.0  26.332766  43.791681 -20.699815  -5.370028  12.847110  52.504851   
3       9.0   2.616698   5.675727  -8.369004  -0.357122   4.783935   7.067653   
4       9.0 -20.111629  22.872381 -65.956864 -30.219051  -8.137073  -4.413359   
5       9.0 -15.684540  27.643480 -66.971439 -32.595791  -5.251799   3.722388   
6       8.0 -17.713924   5.027353 -23.852367 -22.869177 -16.812685 -12.885898   
7       8.0  -5.044787   9.244832 -12.008497 -10.746666  -9.996494  -2.111246   

             max  
hist              
1      35.630469  
2     104.927422  
3       7.775884  
4      -2.835701  
5      12.127068  
6     -12.712907  
7      13.301393  

europe-west3
      count      mean       std        min        25%       50%        75%  \
hist                                                                         
1       9.0 -2.678519  2.623904  -8.083976  -3.477475 -1.636855  -1.125590   
2       9.0  0.860456  6.070880 -11.014583  -2.227737  3.748036   5.295411   
3       9.0  3.096952  3.333507  -2.626001   1.502914  2.804445   5.826520   
4       9.0  7.182803  3.217436   3.656909   4.313634  6.977443   9.348475   
5       9.0  7.686051  7.201351   1.433138   2.865928  4.497161  10.042581   
6       8.0 -8.115624  4.416570 -14.076577 -10.588902 -8.686996  -6.311184   
7       8.0 -8.216121  4.336926 -17.173220  -8.574331 -6.935195  -6.282958   

            max  
hist             
1     -0.279891  
2      5.940004  
3      7.217502  
4     12.871825  
5     22.382167  
6      0.365547  
7     -3.290023  

northamerica-northeast1
      count      mean       std       min       25%       50%       75%  \
hist                                                                      
1       9.0  3.696096  1.530540  1.864743  2.943142  3.228146  4.175626   
2       9.0  3.221191  2.787535 -1.886280  1.642687  4.106052  5.544957   
3       9.0  3.218364  2.276209 -0.427798  2.033686  3.691017  5.066908   
4       9.0 -1.253916  3.623295 -8.593568 -2.591458  0.513843  0.847246   
5       8.0 -2.240720  2.732564 -5.996744 -4.292714 -2.315334 -0.027923   
6       8.0 -3.722605  2.012810 -6.675156 -5.283398 -3.766326 -2.202431   
7       9.0 -2.782379  2.774170 -5.624139 -4.592985 -3.820415 -1.822577   

           max  
hist            
1     6.738718  
2     5.728449  
3     6.434787  
4     2.126430  
5     1.403065  
6    -1.128500  
7     2.674561  

southamerica-east1
      count      mean        std        min        25%       50%        75%  \
hist                                                                          
1       9.0  8.553136   4.351911   1.649365   5.472290  9.029528  11.765028   
2       9.0  4.543406   2.506343   0.078398   3.119612  5.257105   6.199477   
3       9.0  2.559681  12.025452 -11.737272  -6.500954  0.243399  10.166326   
4       9.0 -9.941353  11.505296 -32.197343 -16.079672 -3.727484  -1.543712   
5       8.0  0.026174   1.676682  -3.084011  -0.690907  0.668187   0.889034   
6       8.0 -2.472089   1.016988  -4.030601  -3.020994 -2.399573  -1.891312   
7       9.0 -3.817166   1.032936  -5.424355  -4.581866 -3.757291  -2.837389   

            max  
hist             
1     15.721381  
2      7.688398  
3     23.335846  
4     -1.347911  
5      1.972790  
6     -0.936555  
7     -2.331401  

us-east4
      count       mean        std        min        25%        50%        75%  \
hist                                                                            
1       9.0  -5.928284  11.268795 -22.770108 -14.504299  -4.588322   3.139573   
2       9.0  32.569945  12.119366  21.940520  22.277289  26.584274  41.466920   
3       9.0  -3.158693   3.957282  -8.992254  -6.887614  -2.251198  -0.506491   
4       9.0   0.928101   8.534518 -15.403013  -1.369324   2.820927   6.496063   
5       8.0  -0.715165   7.617186 -14.142573  -5.419153   2.735361   5.213136   
6       8.0 -10.261901   2.234361 -12.321246 -11.614319 -11.181540  -9.741619   
7       9.0 -14.097712   5.452094 -22.134978 -17.156329 -13.966368 -10.191933   

            max  
hist             
1      8.697479  
2     52.523654  
3      2.306333  
4      9.939973  
5      5.584831  
6     -5.752331  
7     -5.875067  

us-west2
      count       mean        std        min        25%        50%        75%  \
hist                                                                            
1       9.0   2.808431  21.641607 -21.500004 -12.666067  -2.894965  14.743041   
2       9.0 -15.021442  11.195395 -32.988249 -21.394018 -14.270413  -9.162344   
3       9.0  -8.265591   6.835424 -20.658493 -13.356857  -8.229272  -2.123914   
4       9.0   0.313577   6.179348 -12.023040  -2.116977   2.690968   4.865092   
5       8.0   6.062849   9.849238  -4.843704  -1.969985   4.139772  12.507997   
6       8.0  11.057954  21.732410  -4.132980  -3.584315  -2.095535  21.754721   
7       9.0  -0.918120   2.805717  -6.424350  -1.811769   0.256541   0.322896   

            max  
hist             
1     42.512985  
2      1.552299  
3     -0.328408  
4      5.883347  
5     22.190809  
6     52.327742  
7      2.505752  

us-west4
      count      mean        std        min       25%       50%       75%  \
hist                                                                        
1       9.0  0.673281   0.593721  -0.461300  0.433943  0.750444  1.017449   
2       9.0  2.527447   2.004117   0.139381  0.539437  3.161861  4.399187   
3       9.0  2.989466   4.731525  -3.183459 -0.972366  2.834994  7.080978   
4       9.0  4.056232   5.593799  -2.147083  0.058274  2.005674  5.458042   
5       8.0 -0.929263   3.033510  -5.487195 -2.556641 -1.251848  1.013940   
6       8.0 -7.293342   3.541025 -12.220798 -9.754406 -7.488575 -4.562646   
7       9.0 -0.191530  10.115683 -17.012853 -5.821061  0.350130  6.038489   

            max  
hist             
1      1.545554  
2      4.651364  
3      9.302224  
4     15.441465  
5      3.763934  
6     -2.353809  
7     14.689255  

ap-south-1
      count       mean       std        min        25%        50%        75%  \
hist                                                                           
1       9.0  70.845593  1.490836  69.404593  69.648906  70.026132  72.359642   
2       9.0  70.813228  1.481120  69.441602  69.666225  70.103468  72.466414   
3       9.0  70.779950  1.466892  69.461412  69.688490  70.186362  72.236443   
4       9.0  70.751407  1.451941  69.399357  69.744696  70.190061  71.951635   
5       9.0  70.726901  1.438367  69.348228  69.825616  70.032389  71.674253   
6       8.0  70.738106  1.516809  69.331210  69.790706  69.888805  71.765606   
7       8.0  70.698852  1.497123  69.356007  69.715382  69.906552  71.568710   

            max  
hist             
1     73.107619  
2     73.174328  
3     73.195409  
4     73.183402  
5     73.149347  
6     73.087086  
7     72.988033  

ap-southeast-2
      count       mean       std        min        25%        50%        75%  \
hist                                                                           
1       9.0  71.252735  1.423697  69.493263  70.583710  70.866877  71.097673   
2       9.0  71.194438  1.363160  69.543375  70.601929  70.885552  71.097394   
3       9.0  71.141923  1.291546  69.668762  70.677221  70.883894  71.083275   
4       9.0  71.092286  1.216770  69.735163  70.698459  70.878457  71.035096   
5       9.0  71.044654  1.141106  69.578807  70.732581  70.902831  70.952480   
6       8.0  71.011431  1.138494  69.510391  70.633492  70.856178  71.131676   
7       8.0  70.954062  1.071159  69.491307  70.618514  70.859725  71.008426   

            max  
hist             
1     74.066911  
2     73.955974  
3     73.839196  
4     73.715086  
5     73.582307  
6     73.439551  
7     73.287538  

ca-central-1
      count       mean       std        min        25%        50%        75%  \
hist                                                                           
1       9.0  67.960997  1.225354  66.386876  66.983594  67.878292  69.064655   
2       9.0  67.916943  1.205247  66.390874  67.195620  67.618594  68.969273   
3       9.0  67.863240  1.189241  66.387163  67.337533  67.401735  68.844768   
4       9.0  67.814394  1.177803  66.369584  67.089452  67.607625  68.709262   
5       8.0  67.862493  1.211499  66.361264  66.799082  67.894918  68.722782   
6       8.0  67.831909  1.184212  66.362474  66.709633  67.926842  68.555890   
7       9.0  67.999480  1.244546  66.375452  66.802989  68.115108  69.135706   

            max  
hist             
1     69.619618  
2     69.603937  
3     69.586187  
4     69.566164  
5     69.544943  
6     69.524422  
7     69.633760  

ap-northeast-1
      count       mean       std        min        25%        50%        75%  \
hist                                                                           
1       9.0  69.334684  0.591574  68.163305  69.335477  69.497853  69.713211   
2       9.0  69.343639  0.585767  68.135438  69.157607  69.511585  69.716978   
3       9.0  69.348893  0.584464  68.146698  68.931061  69.536558  69.719055   
4       9.0  69.341553  0.601801  68.163026  68.948559  69.605553  69.718744   
5       9.0  69.337126  0.611411  68.211472  69.036450  69.640778  69.715437   
6       8.0  69.293558  0.631348  68.311041  68.955549  69.578598  69.688144   
7       8.0  69.302860  0.628370  68.250632  69.068489  69.518568  69.715483   

            max  
hist             
1     69.967531  
2     69.945712  
3     69.920435  
4     69.961455  
5     69.978065  
6     69.977841  
7     69.974231  

us-east-1
      count       mean       std        min        25%        50%        75%  \
hist                                                                           
1       9.0  70.397280  1.083693  69.026559  69.577087  70.099063  71.100240   
2       9.0  70.353719  1.045291  69.076860  69.653610  70.040639  70.942704   
3       9.0  70.317125  1.005094  69.149197  69.728515  70.036113  70.774475   
4       9.0  70.285764  0.961295  69.110039  69.801277  70.095801  70.609560   
5       8.0  70.297508  0.973345  69.035219  69.740370  70.172231  70.693013   
6       8.0  70.246508  0.942946  68.992768  69.671896  70.160122  70.569248   
7       9.0  70.444306  1.122970  68.991277  69.626089  70.194127  71.241063   

            max  
hist             
1     72.303972  
2     72.204845  
3     72.107322  
4     72.011774  
5     71.918332  
6     71.827720  
7     72.404147  

eu-west-2
      count       mean       std        min        25%        50%        75%  \
hist                                                                           
1       9.0  67.272559  0.807139  66.203080  66.956783  67.217031  67.559318   
2       9.0  67.296499  0.854978  66.106547  66.899287  67.362747  67.561954   
3       9.0  67.319132  0.901633  66.007681  66.875634  67.395604  67.561789   
4       9.0  67.348997  0.942931  65.962510  66.813452  67.311952  67.616331   
5       9.0  67.383569  0.987110  65.973498  66.779533  67.223688  67.711526   
6       8.0  67.171656  0.767969  66.024890  66.813470  67.042724  67.604379   
7       8.0  67.202306  0.807772  66.104170  66.840794  67.051953  67.618287   

            max  
hist             
1     68.759124  
2     68.889438  
3     69.021266  
4     69.154009  
5     69.285996  
6     68.495709  
7     68.629212  

eu-central-1
      count       mean       std        min        25%        50%        75%  \
hist                                                                           
1       9.0  68.417721  0.728986  67.779840  67.979912  68.260439  68.446416   
2       9.0  68.381765  0.672564  67.742336  67.957775  68.294819  68.441046   
3       9.0  68.349983  0.617800  67.723622  67.928417  68.327132  68.445589   
4       9.0  68.320211  0.566328  67.720907  67.926493  68.364475  68.445180   
5       9.0  68.292666  0.518633  67.727377  67.935611  68.284774  68.417665   
6       8.0  68.251541  0.503362  67.737895  67.921051  68.129177  68.444020   
7       8.0  68.231634  0.456309  67.763054  67.925589  68.122459  68.450663   

            max  
hist             
1     70.072787  
2     69.932040  
3     69.786008  
4     69.635368  
5     69.480887  
6     69.322968  
7     69.161679  

sa-east-1
      count       mean       std        min        25%        50%        75%  \
hist                                                                           
1       9.0  65.901354  0.778117  65.116002  65.447256  65.608681  66.145002   
2       9.0  65.857670  0.731919  65.066614  65.401591  65.542957  66.113392   
3       9.0  65.817419  0.686746  65.029771  65.327889  65.562356  66.049057   
4       9.0  65.781998  0.641598  65.009242  65.392452  65.610736  66.028549   
5       8.0  65.791546  0.620671  65.042323  65.327054  65.755759  66.065868   
6       8.0  65.756773  0.576273  65.085939  65.299560  65.703834  66.041350   
7       9.0  65.943842  0.826015  65.136671  65.378305  65.655088  66.128712   

            max  
hist             
1     67.561017  
2     67.426341  
3     67.288929  
4     67.149699  
5     67.010006  
6     66.871170  
7     67.692834  

us-west-2
      count       mean       std        min        25%        50%        75%  \
hist                                                                           
1       9.0  70.526874  1.104881  69.447372  69.845915  70.105447  71.059007   
2       9.0  70.453458  1.037822  69.372268  69.794789  70.016019  70.945400   
3       9.0  70.377123  0.976613  69.294671  69.751852  70.013671  70.839184   
4       9.0  70.298638  0.917486  69.214489  69.657414  69.990500  70.730203   
5       8.0  70.364743  0.814763  69.570650  69.710418  70.187099  70.721694   
6       8.0  70.316493  0.757468  69.508106  69.757883  70.194629  70.635371   
7       9.0  70.597973  1.179550  69.479355  69.893626  70.291196  71.113412   

            max  
hist             
1     72.949303  
2     72.694748  
3     72.437234  
4     72.176669  
5     71.913009  
6     71.646039  
7     73.200839  

us-west-1
      count       mean       std        min        25%        50%        75%  \
hist                                                                           
1       9.0  69.548212  1.146788  68.001000  68.668579  69.225862  70.831979   
2       9.0  69.530406  1.138806  67.976123  68.559270  69.411780  70.771347   
3       9.0  69.504700  1.141696  67.992294  68.456498  69.529003  70.699504   
4       9.0  69.483200  1.139253  68.062586  68.490883  69.305928  70.607924   
5       8.0  69.416586  1.184263  68.182350  68.561836  68.942170  70.592601   
6       8.0  69.398245  1.150849  68.133651  68.630499  68.895177  70.465534   
7       9.0  69.559191  1.167634  68.059589  68.695016  69.042364  70.878017   

            max  
hist             
1     70.954873  
2     70.952598  
3     70.956662  
4     70.959812  
5     70.962525  
6     70.966151  
7     70.970743  

brazilsouth
      count       mean       std        min        25%        50%        75%  \
hist                                                                           
1       9.0  58.224441  4.495239  55.623599  56.386181  56.750985  56.986354   
2       9.0  57.464670  2.665340  54.793179  56.484237  57.069486  57.636500   
3       9.0  57.328705  1.500659  55.833279  56.038421  56.825965  58.480819   
4       9.0  57.785774  1.541166  54.742935  56.931187  58.205848  58.357216   
5       8.0  57.079593  0.922119  55.505553  56.714797  57.086473  57.705437   
6       8.0  56.233861  1.141143  54.781338  55.502222  55.900212  57.134622   
7       9.0  57.335437  3.361633  54.855495  55.916411  56.203643  57.519081   

            max  
hist             
1     69.864691  
2     64.025441  
3     60.269774  
4     59.676413  
5     58.285440  
6     57.820298  
7     65.970749  

australiaeast
      count       mean       std        min        25%        50%        75%  \
hist                                                                           
1       9.0  69.760801  3.045217  65.079420  67.289220  69.703276  71.691305   
2       9.0  70.021867  2.888982  66.135669  68.058615  70.223398  71.855069   
3       9.0  69.253264  3.357775  64.390249  67.440779  67.691474  72.954301   
4       9.0  69.784697  3.007909  66.368600  67.419609  67.990491  72.363310   
5       9.0  70.513365  2.709762  66.280738  68.876211  70.296464  73.036860   
6       8.0  69.107279  3.480937  64.122678  66.824671  69.216364  72.138336   
7       8.0  69.632935  3.786912  64.294566  66.571570  69.933434  72.621865   

            max  
hist             
1     73.855005  
2     75.469074  
3     73.302539  
4     74.559622  
5     73.338196  
6     73.303555  
7     74.308201  

eastus
      count       mean       std        min        25%        50%        75%  \
hist                                                                           
1       9.0  74.159253  1.660967  72.866838  73.226214  73.782759  74.274890   
2       9.0  73.837325  0.493193  73.137301  73.575877  73.847427  74.211971   
3       9.0  73.597498  0.813800  72.675384  72.842631  73.490234  74.284078   
4       9.0  73.563545  0.741255  72.624147  72.918373  73.272042  74.194144   
5       8.0  73.255908  0.276748  72.932580  73.100156  73.192172  73.353694   
6       8.0  72.417160  0.850781  71.297358  72.042525  72.347631  72.678699   
7       9.0  72.545949  0.560068  71.816107  72.133004  72.451757  73.034378   

            max  
hist             
1     78.359017  
2     74.465378  
3     75.006220  
4     74.687522  
5     73.826816  
6     73.793819  
7     73.436724  

centralindia
      count       mean       std        min        25%        50%        75%  \
hist                                                                           
1       9.0  50.553486  3.033109  47.997813  48.849771  49.445960  50.960069   
2       9.0  49.643103  1.352833  47.638196  49.083142  49.644240  50.084521   
3       9.0  49.730620  1.859250  47.533189  48.173919  49.593585  51.087967   
4       9.0  49.456226  1.558992  48.007532  48.460451  48.779534  50.097832   
5       9.0  49.595333  1.675706  47.316385  48.603717  49.204549  50.558850   
6       8.0  49.738278  0.829111  48.681001  48.935878  49.921761  50.182138   
7       8.0  49.434892  1.071637  48.539381  48.687819  49.058745  49.742271   

            max  
hist             
1     57.469654  
2     52.128636  
3     52.491509  
4     52.148340  
5     52.805146  
6     50.879331  
7     51.683225  

uksouth
      count       mean       std        min        25%        50%        75%  \
hist                                                                           
1       9.0  57.926516  4.254769  55.640418  55.958089  56.448994  57.205089   
2       9.0  58.075716  4.906703  54.797321  55.981729  56.670737  57.066606   
3       9.0  58.376902  4.832056  56.123537  56.315635  56.667503  57.652369   
4       9.0  58.190605  4.077467  55.222016  56.460563  57.625958  57.690208   
5       9.0  57.275151  2.675804  54.738598  55.992375  56.367743  57.338736   
6       8.0  56.691671  0.861117  55.863194  56.143679  56.325694  57.263622   
7       8.0  55.815206  0.783463  54.777847  55.250681  55.878675  56.276605   

            max  
hist             
1     69.035165  
2     70.913297  
3     71.151061  
4     68.744463  
5     63.571802  
6     58.331305  
7     57.081399  

germanywestcentral
      count       mean       std        min        25%        50%        75%  \
hist                                                                           
1       9.0  51.533505  3.782301  48.171620  49.684306  50.563542  51.178867   
2       9.0  51.708862  2.167122  49.395379  50.265884  51.138542  52.001881   
3       9.0  51.442525  2.120205  47.974097  50.447477  51.338671  52.779931   
4       9.0  51.302079  2.451625  47.981431  50.233198  50.478175  51.161736   
5       9.0  51.134098  2.243257  48.873306  50.002373  51.024132  51.317371   
6       8.0  51.236892  1.946136  49.479124  50.479079  50.747694  50.974503   
7       8.0  50.147035  1.963592  47.622951  48.788509  49.936663  51.119905   

            max  
hist             
1     60.446512  
2     56.206085  
3     55.363222  
4     56.159961  
5     56.334372  
6     55.843414  
7     53.762894  

japaneast
      count      mean       std       min       25%       50%       75%  \
hist                                                                      
1       9.0 -0.438976  0.179216 -0.867391 -0.383498 -0.357790 -0.340459   
2       9.0  0.005709  0.353025 -0.466832 -0.267813 -0.063473  0.354157   
3       9.0  0.462062  0.220424  0.282902  0.337419  0.381745  0.438099   
4       9.0  1.561355  0.355375  0.983123  1.343104  1.597573  1.840460   
5       9.0  0.169420  0.321054 -0.247135 -0.159348  0.203531  0.312870   
6       8.0 -0.848393  0.436717 -1.339092 -1.155921 -0.916184 -0.623266   
7       8.0 -0.960813  0.580568 -2.017757 -1.270220 -0.706141 -0.550882   

           max  
hist            
1    -0.335588  
2     0.386445  
3     0.960762  
4     2.023141  
5     0.697567  
6    -0.105476  
7    -0.442751  

westus
      count      mean       std       min       25%       50%       75%  \
hist                                                                      
1       9.0 -0.164786  0.065014 -0.233901 -0.216296 -0.180854 -0.135856   
2       9.0  0.091866  0.348714 -0.596265 -0.062233  0.299433  0.330959   
3       9.0  0.351102  0.397523 -0.480599  0.293919  0.466553  0.656571   
4       9.0  0.565776  0.242952  0.329164  0.380210  0.516130  0.688152   
5       8.0 -0.055390  0.054088 -0.126608 -0.103476 -0.052724 -0.015164   
6       8.0 -0.832722  0.371555 -1.166031 -1.126501 -0.972831 -0.586356   
7       9.0 -0.044429  0.337166 -0.386164 -0.257291 -0.166775  0.101733   

           max  
hist            
1    -0.032666  
2     0.351945  
3     0.692809  
4     1.024438  
5     0.029120  
6    -0.211179  
7     0.621817  

westus2
      count      mean       std       min       25%       50%       75%  \
hist                                                                      
1       9.0 -0.217056  0.466049 -1.113127 -0.460698 -0.206729  0.134637   
2       9.0  0.080020  0.143661 -0.163780 -0.023647  0.097360  0.190927   
3       9.0  0.295894  0.835406 -0.654140 -0.245910  0.003958  0.712482   
4       9.0  0.454435  0.515982 -0.482761  0.128397  0.741239  0.821382   
5       8.0  0.830544  0.477393  0.338164  0.444033  0.754106  1.029885   
6       8.0 -0.975328  0.489390 -1.708863 -1.386127 -0.770090 -0.570134   
7       9.0 -0.717847  0.800810 -1.988206 -1.176590 -0.711802 -0.280049   

           max  
hist            
1     0.286541  
2     0.309805  
3     1.872493  
4     0.927913  
5     1.728642  
6    -0.537810  
7     0.560892  

