australia-southeast1
      count      mean       std       min       25%       50%       75%  \
hist                                                                      
1       9.0 -2.401170  0.949197 -3.823374 -2.829660 -2.664725 -1.859274   
2       9.0  4.779842  4.257864 -2.292618  2.124794  5.489597  7.591790   
3       9.0  4.794710  4.730472 -0.011631  1.893152  2.628415  7.241526   
4       9.0  3.729737  8.050330 -9.469952 -1.161304  3.982699  9.149739   
5       9.0  2.033233  0.990754  0.201915  1.901710  1.941535  2.432861   
6       8.0 -6.383719  1.172681 -8.132659 -7.146202 -6.327488 -5.714801   
7       8.0 -7.060693  1.011798 -8.459888 -7.758660 -7.046808 -6.644716   

            max  
hist             
1     -0.714096  
2     10.806807  
3     13.907159  
4     15.339081  
5      3.744258  
6     -4.773120  
7     -5.158961  

asia-south1
      count      mean       std        min       25%       50%       75%  \
hist                                                                       
1       9.0  3.675011  0.772968   2.396179  3.166773  3.734238  4.333241   
2       9.0  3.740505  2.714069   1.379005  1.518010  2.735678  5.425369   
3       9.0 -1.168530  1.540491  -3.451370 -2.251117 -1.340484 -0.234537   
4       9.0  3.070000  2.771817  -2.200143  1.955324  4.122682  5.119593   
5       9.0 -3.433352  5.977963 -13.119306 -7.380740 -1.519873  1.221436   
6       8.0 -1.064223  6.613417  -6.030433 -5.447588 -4.965982  2.343585   
7       8.0 -6.341883  1.734322  -9.817748 -6.664192 -5.841465 -5.145124   

            max  
hist             
1      4.796476  
2      8.642068  
3      1.585644  
4      6.251383  
5      3.640392  
6     11.321812  
7     -4.762337  

europe-west2
      count       mean        std        min        25%        50%        75%  \
hist                                                                            
1       9.0  -3.627573   1.608586  -5.628351  -5.319885  -3.776353  -2.686064   
2       9.0   6.559577   1.084890   4.947249   5.758975   6.621650   7.311596   
3       9.0   1.144654   3.877413  -6.498017  -1.737501   1.925773   4.104231   
4       9.0   6.343822   5.697377  -1.939042   3.068412   5.890840   9.322235   
5       9.0 -11.878768  26.465167 -62.373501 -27.402786   0.665165   5.128120   
6       8.0  12.976532  18.983516  -2.175055   0.907698   2.874141  20.508288   
7       8.0 -16.792742   1.062897 -18.364922 -17.401235 -17.099410 -15.971647   

            max  
hist             
1     -1.029893  
2      8.363956  
3      5.136116  
4     16.121255  
5     12.054173  
6     49.725197  
7    -15.375464  

asia-northeast1
      count       mean        std        min        25%        50%        75%  \
hist                                                                            
1       9.0  23.106212   7.453236  14.027473  16.907088  22.963198  29.069243   
2       9.0  26.332766  43.791681 -20.699815  -5.370028  12.847110  52.504851   
3       9.0   2.616698   5.675727  -8.369004  -0.357122   4.783935   7.067653   
4       9.0 -20.111629  22.872381 -65.956864 -30.219051  -8.137073  -4.413359   
5       9.0 -15.684540  27.643480 -66.971439 -32.595791  -5.251799   3.722388   
6       8.0 -17.713924   5.027353 -23.852367 -22.869177 -16.812685 -12.885898   
7       8.0  -5.044787   9.244832 -12.008497 -10.746666  -9.996494  -2.111246   

             max  
hist              
1      35.630469  
2     104.927422  
3       7.775884  
4      -2.835701  
5      12.127068  
6     -12.712907  
7      13.301393  

europe-west3
      count      mean       std        min        25%       50%        75%  \
hist                                                                         
1       9.0 -2.678519  2.623904  -8.083976  -3.477475 -1.636855  -1.125590   
2       9.0  0.860456  6.070880 -11.014583  -2.227737  3.748036   5.295411   
3       9.0  3.096952  3.333507  -2.626001   1.502914  2.804445   5.826520   
4       9.0  7.182803  3.217436   3.656909   4.313634  6.977443   9.348475   
5       9.0  7.686051  7.201351   1.433138   2.865928  4.497161  10.042581   
6       8.0 -8.115624  4.416570 -14.076577 -10.588902 -8.686996  -6.311184   
7       8.0 -8.216121  4.336926 -17.173220  -8.574331 -6.935195  -6.282958   

            max  
hist             
1     -0.279891  
2      5.940004  
3      7.217502  
4     12.871825  
5     22.382167  
6      0.365547  
7     -3.290023  

northamerica-northeast1
      count      mean       std       min       25%       50%       75%  \
hist                                                                      
1       9.0  3.696096  1.530540  1.864743  2.943142  3.228146  4.175626   
2       9.0  3.221191  2.787535 -1.886280  1.642687  4.106052  5.544957   
3       9.0  3.218364  2.276209 -0.427798  2.033686  3.691017  5.066908   
4       9.0 -1.253916  3.623295 -8.593568 -2.591458  0.513843  0.847246   
5       8.0 -2.240720  2.732564 -5.996744 -4.292714 -2.315334 -0.027923   
6       8.0 -3.722605  2.012810 -6.675156 -5.283398 -3.766326 -2.202431   
7       9.0 -2.782379  2.774170 -5.624139 -4.592985 -3.820415 -1.822577   

           max  
hist            
1     6.738718  
2     5.728449  
3     6.434787  
4     2.126430  
5     1.403065  
6    -1.128500  
7     2.674561  

southamerica-east1
      count      mean        std        min        25%       50%        75%  \
hist                                                                          
1       9.0  8.553136   4.351911   1.649365   5.472290  9.029528  11.765028   
2       9.0  4.543406   2.506343   0.078398   3.119612  5.257105   6.199477   
3       9.0  2.559681  12.025452 -11.737272  -6.500954  0.243399  10.166326   
4       9.0 -9.941353  11.505296 -32.197343 -16.079672 -3.727484  -1.543712   
5       8.0  0.026174   1.676682  -3.084011  -0.690907  0.668187   0.889034   
6       8.0 -2.472089   1.016988  -4.030601  -3.020994 -2.399573  -1.891312   
7       9.0 -3.817166   1.032936  -5.424355  -4.581866 -3.757291  -2.837389   

            max  
hist             
1     15.721381  
2      7.688398  
3     23.335846  
4     -1.347911  
5      1.972790  
6     -0.936555  
7     -2.331401  

us-east4
      count       mean        std        min        25%        50%        75%  \
hist                                                                            
1       9.0  -5.928284  11.268795 -22.770108 -14.504299  -4.588322   3.139573   
2       9.0  32.569945  12.119366  21.940520  22.277289  26.584274  41.466920   
3       9.0  -3.158693   3.957282  -8.992254  -6.887614  -2.251198  -0.506491   
4       9.0   0.928101   8.534518 -15.403013  -1.369324   2.820927   6.496063   
5       8.0  -0.715165   7.617186 -14.142573  -5.419153   2.735361   5.213136   
6       8.0 -10.261901   2.234361 -12.321246 -11.614319 -11.181540  -9.741619   
7       9.0 -14.097712   5.452094 -22.134978 -17.156329 -13.966368 -10.191933   

            max  
hist             
1      8.697479  
2     52.523654  
3      2.306333  
4      9.939973  
5      5.584831  
6     -5.752331  
7     -5.875067  

us-west2
      count       mean        std        min        25%        50%        75%  \
hist                                                                            
1       9.0   2.808431  21.641607 -21.500004 -12.666067  -2.894965  14.743041   
2       9.0 -15.021442  11.195395 -32.988249 -21.394018 -14.270413  -9.162344   
3       9.0  -8.265591   6.835424 -20.658493 -13.356857  -8.229272  -2.123914   
4       9.0   0.313577   6.179348 -12.023040  -2.116977   2.690968   4.865092   
5       8.0   6.062849   9.849238  -4.843704  -1.969985   4.139772  12.507997   
6       8.0  11.057954  21.732410  -4.132980  -3.584315  -2.095535  21.754721   
7       9.0  -0.918120   2.805717  -6.424350  -1.811769   0.256541   0.322896   

            max  
hist             
1     42.512985  
2      1.552299  
3     -0.328408  
4      5.883347  
5     22.190809  
6     52.327742  
7      2.505752  

us-west4
      count      mean        std        min       25%       50%       75%  \
hist                                                                        
1       9.0  0.673281   0.593721  -0.461300  0.433943  0.750444  1.017449   
2       9.0  2.527447   2.004117   0.139381  0.539437  3.161861  4.399187   
3       9.0  2.989466   4.731525  -3.183459 -0.972366  2.834994  7.080978   
4       9.0  4.056232   5.593799  -2.147083  0.058274  2.005674  5.458042   
5       8.0 -0.929263   3.033510  -5.487195 -2.556641 -1.251848  1.013940   
6       8.0 -7.293342   3.541025 -12.220798 -9.754406 -7.488575 -4.562646   
7       9.0 -0.191530  10.115683 -17.012853 -5.821061  0.350130  6.038489   

            max  
hist             
1      1.545554  
2      4.651364  
3      9.302224  
4     15.441465  
5      3.763934  
6     -2.353809  
7     14.689255  

ap-south-1
      count       mean       std        min        25%        50%        75%  \
hist                                                                           
1       9.0  70.845593  1.490836  69.404593  69.648906  70.026132  72.359642   
2       9.0  70.813228  1.481120  69.441602  69.666225  70.103468  72.466414   
3       9.0  70.779950  1.466892  69.461412  69.688490  70.186362  72.236443   
4       9.0  70.751407  1.451941  69.399357  69.744696  70.190061  71.951635   
5       9.0  70.726901  1.438367  69.348228  69.825616  70.032389  71.674253   
6       8.0  70.738106  1.516809  69.331210  69.790706  69.888805  71.765606   
7       8.0  70.698852  1.497123  69.356007  69.715382  69.906552  71.568710   

            max  
hist             
1     73.107619  
2     73.174328  
3     73.195409  
4     73.183402  
5     73.149347  
6     73.087086  
7     72.988033  

ap-southeast-2
      count       mean       std        min        25%        50%        75%  \
hist                                                                           
1       9.0  71.252735  1.423697  69.493263  70.583710  70.866877  71.097673   
2       9.0  71.194438  1.363160  69.543375  70.601929  70.885552  71.097394   
3       9.0  71.141923  1.291546  69.668762  70.677221  70.883894  71.083275   
4       9.0  71.092286  1.216770  69.735163  70.698459  70.878457  71.035096   
5       9.0  71.044654  1.141106  69.578807  70.732581  70.902831  70.952480   
6       8.0  71.011431  1.138494  69.510391  70.633492  70.856178  71.131676   
7       8.0  70.954062  1.071159  69.491307  70.618514  70.859725  71.008426   

            max  
hist             
1     74.066911  
2     73.955974  
3     73.839196  
4     73.715086  
5     73.582307  
6     73.439551  
7     73.287538  

ca-central-1
      count       mean       std        min        25%        50%        75%  \
hist                                                                           
1       9.0  67.960997  1.225354  66.386876  66.983594  67.878292  69.064655   
2       9.0  67.916943  1.205247  66.390874  67.195620  67.618594  68.969273   
3       9.0  67.863240  1.189241  66.387163  67.337533  67.401735  68.844768   
4       9.0  67.814394  1.177803  66.369584  67.089452  67.607625  68.709262   
5       8.0  67.862493  1.211499  66.361264  66.799082  67.894918  68.722782   
6       8.0  67.831909  1.184212  66.362474  66.709633  67.926842  68.555890   
7       9.0  67.999480  1.244546  66.375452  66.802989  68.115108  69.135706   

            max  
hist             
1     69.619618  
2     69.603937  
3     69.586187  
4     69.566164  
5     69.544943  
6     69.524422  
7     69.633760  

ap-northeast-1
      count       mean       std        min        25%        50%        75%  \
hist                                                                           
1       9.0  69.334684  0.591574  68.163305  69.335477  69.497853  69.713211   
2       9.0  69.343639  0.585767  68.135438  69.157607  69.511585  69.716978   
3       9.0  69.348893  0.584464  68.146698  68.931061  69.536558  69.719055   
4       9.0  69.341553  0.601801  68.163026  68.948559  69.605553  69.718744   
5       9.0  69.337126  0.611411  68.211472  69.036450  69.640778  69.715437   
6       8.0  69.293558  0.631348  68.311041  68.955549  69.578598  69.688144   
7       8.0  69.302860  0.628370  68.250632  69.068489  69.518568  69.715483   

            max  
hist             
1     69.967531  
2     69.945712  
3     69.920435  
4     69.961455  
5     69.978065  
6     69.977841  
7     69.974231  

us-east-1
      count       mean       std        min        25%        50%        75%  \
hist                                                                           
1       9.0  70.397280  1.083693  69.026559  69.577087  70.099063  71.100240   
2       9.0  70.353719  1.045291  69.076860  69.653610  70.040639  70.942704   
3       9.0  70.317125  1.005094  69.149197  69.728515  70.036113  70.774475   
4       9.0  70.285764  0.961295  69.110039  69.801277  70.095801  70.609560   
5       8.0  70.297508  0.973345  69.035219  69.740370  70.172231  70.693013   
6       8.0  70.246508  0.942946  68.992768  69.671896  70.160122  70.569248   
7       9.0  70.444306  1.122970  68.991277  69.626089  70.194127  71.241063   

            max  
hist             
1     72.303972  
2     72.204845  
3     72.107322  
4     72.011774  
5     71.918332  
6     71.827720  
7     72.404147  

eu-west-2
      count       mean       std        min        25%        50%        75%  \
hist                                                                           
1       9.0  67.272559  0.807139  66.203080  66.956783  67.217031  67.559318   
2       9.0  67.296499  0.854978  66.106547  66.899287  67.362747  67.561954   
3       9.0  67.319132  0.901633  66.007681  66.875634  67.395604  67.561789   
4       9.0  67.348997  0.942931  65.962510  66.813452  67.311952  67.616331   
5       9.0  67.383569  0.987110  65.973498  66.779533  67.223688  67.711526   
6       8.0  67.171656  0.767969  66.024890  66.813470  67.042724  67.604379   
7       8.0  67.202306  0.807772  66.104170  66.840794  67.051953  67.618287   

            max  
hist             
1     68.759124  
2     68.889438  
3     69.021266  
4     69.154009  
5     69.285996  
6     68.495709  
7     68.629212  

eu-central-1
      count       mean       std        min        25%        50%        75%  \
hist                                                                           
1       9.0  68.417721  0.728986  67.779840  67.979912  68.260439  68.446416   
2       9.0  68.381765  0.672564  67.742336  67.957775  68.294819  68.441046   
3       9.0  68.349983  0.617800  67.723622  67.928417  68.327132  68.445589   
4       9.0  68.320211  0.566328  67.720907  67.926493  68.364475  68.445180   
5       9.0  68.292666  0.518633  67.727377  67.935611  68.284774  68.417665   
6       8.0  68.251541  0.503362  67.737895  67.921051  68.129177  68.444020   
7       8.0  68.231634  0.456309  67.763054  67.925589  68.122459  68.450663   

            max  
hist             
1     70.072787  
2     69.932040  
3     69.786008  
4     69.635368  
5     69.480887  
6     69.322968  
7     69.161679  

sa-east-1
      count       mean       std        min        25%        50%        75%  \
hist                                                                           
1       9.0  65.901354  0.778117  65.116002  65.447256  65.608681  66.145002   
2       9.0  65.857670  0.731919  65.066614  65.401591  65.542957  66.113392   
3       9.0  65.817419  0.686746  65.029771  65.327889  65.562356  66.049057   
4       9.0  65.781998  0.641598  65.009242  65.392452  65.610736  66.028549   
5       8.0  65.791546  0.620671  65.042323  65.327054  65.755759  66.065868   
6       8.0  65.756773  0.576273  65.085939  65.299560  65.703834  66.041350   
7       9.0  65.943842  0.826015  65.136671  65.378305  65.655088  66.128712   

            max  
hist             
1     67.561017  
2     67.426341  
3     67.288929  
4     67.149699  
5     67.010006  
6     66.871170  
7     67.692834  

us-west-2
      count       mean       std        min        25%        50%        75%  \
hist                                                                           
1       9.0  70.526874  1.104881  69.447372  69.845915  70.105447  71.059007   
2       9.0  70.453458  1.037822  69.372268  69.794789  70.016019  70.945400   
3       9.0  70.377123  0.976613  69.294671  69.751852  70.013671  70.839184   
4       9.0  70.298638  0.917486  69.214489  69.657414  69.990500  70.730203   
5       8.0  70.364743  0.814763  69.570650  69.710418  70.187099  70.721694   
6       8.0  70.316493  0.757468  69.508106  69.757883  70.194629  70.635371   
7       9.0  70.597973  1.179550  69.479355  69.893626  70.291196  71.113412   

            max  
hist             
1     72.949303  
2     72.694748  
3     72.437234  
4     72.176669  
5     71.913009  
6     71.646039  
7     73.200839  

us-west-1
      count       mean       std        min        25%        50%        75%  \
hist                                                                           
1       9.0  69.548212  1.146788  68.001000  68.668579  69.225862  70.831979   
2       9.0  69.530406  1.138806  67.976123  68.559270  69.411780  70.771347   
3       9.0  69.504700  1.141696  67.992294  68.456498  69.529003  70.699504   
4       9.0  69.483200  1.139253  68.062586  68.490883  69.305928  70.607924   
5       8.0  69.416586  1.184263  68.182350  68.561836  68.942170  70.592601   
6       8.0  69.398245  1.150849  68.133651  68.630499  68.895177  70.465534   
7       9.0  69.559191  1.167634  68.059589  68.695016  69.042364  70.878017   

            max  
hist             
1     70.954873  
2     70.952598  
3     70.956662  
4     70.959812  
5     70.962525  
6     70.966151  
7     70.970743  

brazilsouth
      count       mean       std        min        25%        50%        75%  \
hist                                                                           
1       9.0  57.711649  2.426633  55.678543  56.349659  56.927188  58.033577   
2       9.0  57.597221  2.181690  55.665339  56.223891  56.944807  58.249314   
3       9.0  57.491899  1.955406  55.667974  56.331389  56.949802  57.736424   
4       9.0  57.402513  1.753546  55.704068  56.466115  56.955971  57.210366   
5       8.0  57.140622  1.571082  55.772892  56.433551  56.838053  57.068213   
6       8.0  57.069694  1.358448  55.807550  56.412393  56.810840  57.116209   
7       9.0  57.828231  2.685755  55.716443  56.475704  56.895102  57.821363   

            max  
hist             
1     63.640715  
2     62.916830  
3     62.199808  
4     61.490799  
5     60.791124  
6     60.102782  
7     64.370225  

australiaeast
      count       mean       std        min        25%        50%        75%  \
hist                                                                           
1       9.0  70.342657  2.472007  66.690425  67.993466  71.030771  72.515816   
2       9.0  70.246881  2.504198  66.660509  67.812090  70.629146  72.582121   
3       9.0  70.146564  2.523505  66.649290  67.982189  70.212493  72.646859   
4       9.0  70.038847  2.543981  66.656299  68.176917  69.807455  72.541255   
5       9.0  69.944515  2.553768  66.678986  68.039994  69.707760  72.310467   
6       8.0  70.262901  2.415694  66.800599  68.198710  70.684742  72.281083   
7       8.0  70.174203  2.456741  66.738461  68.093774  70.418278  72.195906   

            max  
hist             
1     73.103612  
2     73.074359  
3     72.946362  
4     72.715345  
5     72.765092  
6     72.851752  
7     73.034940  

eastus
      count       mean       std        min        25%        50%        75%  \
hist                                                                           
1       9.0  73.222836  0.239034  72.831170  73.116333  73.312002  73.386680   
2       9.0  73.233069  0.244698  72.831597  73.156459  73.330778  73.427774   
3       9.0  73.249045  0.243682  72.868798  73.119539  73.291563  73.411207   
4       9.0  73.270330  0.236884  72.957521  73.077342  73.269752  73.378474   
5       8.0  73.239766  0.188128  73.000407  73.050992  73.287517  73.356176   
6       8.0  73.252607  0.177260  72.990403  73.116564  73.295505  73.373418   
7       9.0  73.211548  0.233947  72.789189  73.082635  73.285538  73.404613   

            max  
hist             
1     73.466824  
2     73.506474  
3     73.535264  
4     73.620119  
5     73.522205  
6     73.480428  
7     73.456401  

centralindia
      count       mean       std        min        25%        50%        75%  \
hist                                                                           
1       9.0  49.350902  0.852593  48.265979  48.940462  49.397214  49.675184   
2       9.0  49.313079  0.839245  48.301715  48.858099  49.210663  49.565290   
3       9.0  49.276443  0.844735  48.267557  48.773069  49.116798  49.457877   
4       9.0  49.244203  0.864133  48.233496  48.663094  49.185343  49.521718   
5       9.0  49.216122  0.895537  48.213623  48.523325  49.248280  49.654373   
6       8.0  49.319999  0.898351  48.217076  48.606419  49.235671  49.854079   
7       8.0  49.323252  0.906439  48.237581  48.698731  49.211863  49.798312   

            max  
hist             
1     50.947804  
2     50.784328  
3     50.621638  
4     50.690760  
5     50.820104  
6     50.924558  
7     50.998781  

uksouth
      count       mean       std        min        25%        50%        75%  \
hist                                                                           
1       9.0  58.775018  4.760676  56.014494  56.308121  56.930202  57.082836   
2       9.0  58.500256  4.343136  55.811461  56.358683  56.907660  56.988851   
3       9.0  58.212442  3.931765  55.605401  56.406811  56.781411  56.976378   
4       9.0  57.889298  3.527070  55.396229  56.452483  56.753791  57.011368   
5       9.0  57.582781  3.166006  55.184121  56.410706  56.604984  57.055852   
6       8.0  57.688260  2.870874  56.201085  56.373100  56.707159  57.170651   
7       8.0  57.510566  2.496968  56.150311  56.243826  56.757354  57.134347   

            max  
hist             
1     70.310044  
2     69.188778  
3     68.068179  
4     66.948991  
5     65.831792  
6     64.716647  
7     63.603604  

germanywestcentral
      count       mean       std        min        25%        50%        75%  \
hist                                                                           
1       9.0  50.729876  1.184603  49.098785  50.222390  50.607883  51.237778   
2       9.0  50.737538  1.312866  49.141468  49.580089  50.598200  51.272776   
3       9.0  50.773548  1.539795  48.770987  49.703650  50.637082  51.334818   
4       9.0  50.708045  1.586735  48.050978  49.832934  50.684091  51.405948   
5       9.0  50.610102  1.645691  47.334667  49.978275  50.717656  51.471361   
6       8.0  50.989927  1.077169  49.344341  50.424779  50.890067  51.582218   
7       8.0  50.959754  1.038642  49.403113  50.484468  50.822970  51.291545   

            max  
hist             
1     53.014016  
2     53.266579  
3     53.753101  
4     53.295083  
5     52.706990  
6     52.883244  
7     52.950402  

japaneast
      count       mean       std        min        25%        50%        75%  \
hist                                                                           
1       9.0  62.722045  8.018749  52.280903  54.765447  68.742360  68.837787   
2       9.0  62.069263  6.938717  53.193851  56.286019  60.618472  68.559776   
3       9.0  61.524471  7.674311  54.404615  55.369052  55.615401  69.687000   
4       9.0  61.804583  7.861497  53.656977  55.645887  56.784621  69.702715   
5       9.0  61.168551  8.282550  53.127500  54.525280  55.020731  69.783730   
6       8.0  61.473369  8.072167  53.096582  54.209078  61.730592  69.007023   
7       8.0  61.390279  7.382441  53.755267  54.160307  61.837015  67.655488   

            max  
hist             
1     71.233695  
2     69.993892  
3     70.306554  
4     71.629112  
5     70.449023  
6     69.250079  
7     69.870987  

westus
      count       mean       std        min        25%        50%        75%  \
hist                                                                           
1       9.0  72.632664  0.991338  70.829022  72.411767  72.584631  73.217909   
2       9.0  72.788898  0.774115  71.423436  72.733109  72.789493  72.998237   
3       9.0  72.924991  1.094597  71.042659  72.819397  72.877454  73.623624   
4       9.0  73.257934  0.929011  72.253132  72.799812  73.178844  73.291122   
5       8.0  72.937648  1.427621  70.982944  71.989658  72.867788  73.627870   
6       8.0  72.191902  1.773082  70.055688  71.136819  72.097657  72.562939   
7       9.0  71.844961  1.648260  68.629239  71.191182  71.777738  72.819175   

            max  
hist             
1     74.075441  
2     74.082361  
3     74.236348  
4     75.402645  
5     75.628607  
6     75.716540  
7     74.700195  

westus2
      count       mean       std        min        25%        50%        75%  \
hist                                                                           
1       9.0  72.878491  2.152586  70.263566  71.109799  72.695555  74.527501   
2       9.0  73.020240  1.544864  70.950401  72.001579  73.386403  74.252491   
3       9.0  73.735553  2.242981  69.505929  73.258916  74.302813  75.073132   
4       9.0  73.313434  1.995041  70.207641  71.708816  74.343046  75.005127   
5       8.0  73.668983  1.480328  71.331233  73.027155  73.610314  74.505943   
6       8.0  72.181772  1.628000  70.070513  70.966045  72.275765  73.589753   
7       9.0  72.280032  1.621659  69.869933  71.775498  72.230409  73.261692   

            max  
hist             
1     76.639074  
2     75.537969  
3     76.193272  
4     75.143600  
5     76.035163  
6     74.001744  
7     74.568003  

