asia-south1
      count        mean        std         min         25%         50%  \
hist                                                                     
00     61.0  503.157431  29.708837  461.625585  480.082181  487.445286   
01     61.0  503.093893  29.707493  461.360705  480.586883  487.643385   
02     61.0  503.027999  29.704228  461.092992  481.623548  487.319116   
03     61.0  502.960691  29.700551  460.822365  482.229681  486.913260   
04     61.0  502.892924  29.697513  460.548836  482.060697  486.967765   
05     61.0  502.825240  29.694979  460.272557  481.750670  487.429939   
06     60.0  503.470779  29.412189  465.776652  481.819690  487.858370   
07     60.0  503.406377  29.406975  465.609996  481.458658  487.724098   
08     60.0  503.343531  29.402486  465.421739  481.258200  487.522140   
09     60.0  503.282515  29.398606  465.220314  481.549259  487.636156   
10     60.0  503.223223  29.394997  465.010547  481.603770  487.838826   
11     60.0  503.165456  29.391388  464.794588  481.833850  487.919122   
12     60.0  503.109056  29.388136  464.573483  481.560357  487.908062   
13     60.0  503.053997  29.385975  464.347815  481.377277  487.894685   
14     60.0  503.000142  29.385588  464.117883  481.377776  487.938491   
15     60.0  502.947309  29.387452  463.883832  481.027264  487.928631   
16     60.0  502.895162  29.391587  463.645784  480.806977  487.916199   
17     60.0  502.843147  29.397474  463.403974  480.636315  487.903377   
18     60.0  502.790745  29.404567  463.158602  480.465997  487.887822   
19     61.0  503.439581  29.676885  462.909967  480.338344  488.347440   
20     61.0  503.386407  29.685759  462.658354  480.400987  488.176065   
21     61.0  503.332146  29.694465  462.404057  480.296651  487.680320   
22     61.0  503.276264  29.702029  462.147216  480.206820  487.831755   
23     61.0  503.218165  29.707096  461.887741  480.134091  487.717312   

             75%         max  
hist                          
00    541.157083  562.618920  
01    541.395449  562.186534  
02    541.221806  561.657842  
03    541.042996  561.461190  
04    540.874291  561.817047  
05    540.731574  562.163525  
06    541.012762  562.490008  
07    540.871951  562.786075  
08    540.746686  563.042707  
09    540.631138  563.248627  
10    540.520946  563.398056  
11    540.324584  563.495441  
12    540.025558  563.552806  
13    539.980882  563.582307  
14    540.250377  563.594077  
15    540.418665  563.593841  
16    540.425528  563.582192  
17    540.400126  563.559754  
18    540.446232  563.527712  
19    541.117003  563.485485  
20    540.289715  563.427231  
21    540.377218  563.335173  
22    540.547043  563.185145  
23    540.807815  562.952212  

asia-northeast1
      count        mean        std         min         25%         50%  \
hist                                                                     
00     61.0  508.941815  48.852735  324.118535  490.733291  504.186994   
01     61.0  508.767003  49.036952  324.334399  490.188358  503.826716   
02     61.0  508.587140  49.247243  324.555673  490.582095  504.700299   
03     61.0  508.401217  49.491267  324.080582  491.009014  504.647725   
04     61.0  508.210489  49.770494  323.504469  490.657277  504.318844   
05     61.0  508.019690  50.074082  323.006054  490.455351  503.890106   
06     61.0  507.835795  50.375934  322.589437  491.053022  503.636633   
07     61.0  507.661367  50.644667  322.259418  491.796592  503.258603   
08     61.0  507.489565  50.861844  322.014621  491.847019  502.845716   
09     61.0  507.309517  51.029352  321.847574  491.315204  502.805031   
10     60.0  510.124243  45.824410  321.749993  491.641768  502.967485   
11     60.0  509.909674  45.975239  321.868949  491.194987  503.118037   
12     60.0  509.689683  46.123981  322.006734  491.574417  503.331233   
13     60.0  509.474391  46.280805  322.152739  491.384715  503.415656   
14     60.0  509.271349  46.444532  322.302757  491.235109  503.562947   
15     60.0  509.083526  46.609644  322.456590  491.149761  503.706896   
16     60.0  508.908828  46.773556  322.615328  490.951914  503.238366   
17     60.0  508.742689  46.936580  322.780201  490.958707  502.548617   
18     60.0  508.581418  47.100458  322.951813  491.098973  503.004306   
19     60.0  508.422577  47.267399  323.130204  491.177804  503.648034   
20     60.0  508.264766  47.438656  323.315154  491.495330  504.298614   
21     60.0  508.107438  47.614934  323.506541  491.572868  504.496876   
22     60.0  507.950606  47.796570  323.704339  491.703258  504.211609   
23     61.0  509.114067  48.685844  323.908416  492.155217  504.509229   

             75%         max  
hist                          
00    552.020196  586.836747  
01    552.154562  585.561007  
02    552.358945  584.289943  
03    550.979584  583.023427  
04    548.745050  581.761602  
05    546.551204  580.504766  
06    546.423816  579.253185  
07    547.113199  578.007214  
08    547.848090  577.498177  
09    548.596648  577.823326  
10    549.714130  578.088368  
11    550.083780  578.272504  
12    549.828396  578.357907  
13    549.515448  578.340792  
14    549.210344  578.241023  
15    548.912813  578.086720  
16    548.441261  577.890727  
17    547.996390  577.656761  
18    547.588403  577.388763  
19    547.221406  577.087861  
20    546.904512  576.740361  
21    546.649833  576.331706  
22    546.465402  576.027149  
23    551.944572  588.117456  

europe-west2
      count        mean        std         min         25%         50%  \
hist                                                                     
00     61.0  496.373013  49.138434  292.751061  481.820896  490.964019   
01     61.0  496.219585  49.376007  292.227299  481.749489  491.077274   
02     60.0  499.464474  42.254522  305.638405  482.249210  491.480115   
03     60.0  499.300065  42.553341  304.943326  482.374622  491.423752   
04     60.0  499.119198  42.904800  304.286053  482.625183  491.198728   
05     60.0  498.919321  43.323993  303.649705  481.840477  491.100622   
06     60.0  498.703672  43.808492  303.025417  481.302845  491.253134   
07     60.0  498.484504  44.321202  302.409589  481.241099  491.238893   
08     60.0  498.278117  44.800584  301.800695  481.466977  491.247676   
09     60.0  498.092141  45.206677  301.197991  481.755378  491.270975   
10     60.0  497.921153  45.542558  300.600833  482.009529  491.298158   
11     60.0  497.751848  45.830100  300.008735  481.925236  491.319801   
12     60.0  497.572187  46.084205  299.421340  481.644914  491.142451   
13     60.0  497.367955  46.313917  298.838497  481.585004  490.296233   
14     60.0  497.130410  46.535745  298.260215  480.653510  490.393246   
15     61.0  497.908052  47.077060  297.686632  480.431854  490.743344   
16     61.0  497.669073  47.332309  297.117934  480.658710  490.851201   
17     61.0  497.455581  47.583485  296.554312  480.893560  490.657807   
18     61.0  497.270431  47.820605  295.995847  480.613785  490.546612   
19     61.0  497.106718  48.044819  295.442542  479.872303  490.510439   
20     61.0  496.955659  48.262271  294.894285  479.932234  490.536452   
21     61.0  496.810265  48.477327  294.351044  480.102283  490.455951   
22     61.0  496.666385  48.692944  293.812800  480.666873  490.679133   
23     61.0  496.521367  48.912130  293.279500  481.590878  490.836438   

             75%         max  
hist                          
00    529.822262  577.128985  
01    529.418683  576.887299  
02    529.166487  576.569883  
03    528.942603  576.181227  
04    528.811333  575.727576  
05    528.766989  575.213417  
06    528.801300  574.645425  
07    528.908953  574.035944  
08    529.088752  573.400903  
09    529.342003  572.784909  
10    529.667401  573.430649  
11    530.060136  574.065921  
12    530.510766  574.686626  
13    531.008676  575.283794  
14    531.547142  575.842585  
15    532.151060  576.228953  
16    532.798942  576.568387  
17    533.489281  576.857053  
18    533.475628  577.087381  
19    532.769011  577.253766  
20    532.089763  577.358258  
21    531.508516  577.402995  
22    530.849248  577.384156  
23    530.303667  577.294086  

australia-southeast1
      count        mean        std         min         25%         50%  \
hist                                                                     
00     61.0  433.916749  25.987793  332.609042  419.259436  428.013119   
01     61.0  433.796655  26.204525  329.949113  419.502113  427.999325   
02     61.0  433.676499  26.430696  327.289882  419.843063  427.966318   
03     61.0  433.556280  26.666245  324.631349  419.624704  427.927673   
04     61.0  433.436214  26.910607  321.973415  419.177673  427.867381   
05     61.0  433.316413  27.163110  319.315750  419.135551  427.794842   
06     61.0  433.196614  27.423643  316.657927  418.885115  427.711610   
07     61.0  433.076309  27.692401  313.999505  418.884197  427.619006   
08     61.0  432.954986  27.969657  311.340090  418.887161  427.746877   
09     61.0  432.832181  28.255742  308.679394  418.773281  427.891327   
10     61.0  432.707876  28.550819  306.017233  418.632732  427.993403   
11     60.0  434.736072  23.641306  366.938413  420.287152  427.911676   
12     60.0  434.651662  23.787899  364.344141  420.111531  427.952793   
13     60.0  434.567004  23.939656  361.736840  419.990274  428.058450   
14     60.0  434.481672  24.095764  359.118339  419.874015  428.069716   
15     60.0  434.394820  24.255192  356.490586  419.757401  428.056128   
16     60.0  434.305123  24.417614  353.854676  419.637360  427.906102   
17     60.0  434.211364  24.584187  351.211638  419.509006  427.946715   
18     60.0  434.112399  24.756274  348.562557  419.367752  427.915351   
19     60.0  434.007594  24.934147  345.908637  419.209242  427.960777   
20     60.0  433.897029  25.117636  343.251168  419.030324  427.995634   
21     60.0  433.781780  25.306928  340.591422  418.922235  428.015979   
22     60.0  433.663187  25.502430  337.930578  419.003507  428.013901   
23     60.0  433.542568  25.704625  335.269599  419.112992  428.025278   

             75%         max  
hist                          
00    460.796888  493.825899  
01    461.008841  493.573349  
02    461.194152  493.254923  
03    459.902468  492.878134  
04    459.087100  492.442881  
05    459.251960  491.941965  
06    459.407729  491.365239  
07    458.624041  490.709526  
08    457.832066  489.974917  
09    457.107717  489.152361  
10    456.458495  488.228063  
11    456.758695  487.187580  
12    456.446509  486.017547  
13    456.804390  485.572747  
14    457.206392  487.021464  
15    457.654515  488.415360  
16    458.151471  489.712404  
17    458.566549  490.883521  
18    458.692741  491.905172  
19    458.701694  492.747390  
20    458.749705  493.382337  
21    458.811570  493.794463  
22    458.873131  493.986921  
23    458.964572  493.983122  

northamerica-northeast1
      count        mean        std         min         25%         50%  \
hist                                                                     
00     60.0  464.834715  17.557456  443.467568  452.262115  455.463325   
01     60.0  464.817739  17.554274  443.267517  452.294109  455.552901   
02     60.0  464.800724  17.551109  443.104885  452.314974  455.579905   
03     60.0  464.783818  17.547860  442.975665  452.354508  455.519918   
04     60.0  464.767167  17.544413  442.876406  452.375903  455.669787   
05     60.0  464.750781  17.540667  442.804273  452.379022  455.679429   
06     60.0  464.734543  17.536227  442.758535  452.366208  455.684377   
07     60.0  464.718323  17.530420  442.742808  452.381854  455.868073   
08     60.0  464.701887  17.522473  442.758578  452.505706  456.084326   
09     60.0  464.685153  17.511935  442.805807  452.460033  456.193705   
10     61.0  464.956218  17.496304  442.795698  452.502583  456.384235   
11     61.0  464.945661  17.485963  442.795808  452.468606  456.632884   
12     61.0  464.936649  17.475011  442.822894  452.435970  456.877365   
13     61.0  464.929569  17.464668  442.875095  452.405468  457.119987   
14     61.0  464.924223  17.455672  442.948715  452.378457  457.248446   
15     61.0  464.919941  17.448322  443.039080  452.357650  456.962605   
16     61.0  464.915671  17.442475  443.142520  452.344724  456.685688   
17     61.0  464.910614  17.437755  443.257279  452.339941  456.436008   
18     61.0  464.904260  17.433656  443.381796  452.345674  456.173450   
19     61.0  464.896432  17.429715  443.516381  452.365995  455.899591   
20     61.0  464.887250  17.425601  443.662372  452.407138  455.627913   
21     60.0  464.882021  17.568440  443.819018  452.470676  455.364588   
22     60.0  464.867157  17.564437  443.968067  452.363008  455.249073   
23     60.0  464.851326  17.560774  443.703635  452.274165  455.349208   

             75%         max  
hist                          
00    484.555761  498.159799  
01    484.159788  497.974258  
02    483.775109  497.771831  
03    483.959273  497.561827  
04    484.269004  497.355337  
05    484.567740  497.162387  
06    484.846104  497.214832  
07    485.118444  497.478531  
08    485.380447  497.708129  
09    485.629186  497.905170  
10    484.915428  498.074735  
11    485.180333  498.222062  
12    485.422029  498.350961  
13    485.648209  498.464336  
14    485.583724  498.561316  
15    484.710121  498.639399  
16    484.925288  498.698246  
17    485.346719  498.735002  
18    485.765331  498.746240  
19    486.181078  498.727991  
20    485.786470  498.675939  
21    485.653638  498.588609  
22    485.300714  498.469630  
23    484.939517  498.325375  

europe-west3
      count        mean        std         min         25%         50%  \
hist                                                                     
00     61.0  484.611329  25.130136  438.154078  471.101216  480.175083   
01     61.0  484.568199  25.105096  438.444619  469.830310  480.234319   
02     61.0  484.525076  25.080998  438.803579  468.531697  480.453765   
03     60.0  484.889545  25.063355  439.221132  469.912598  480.639518   
04     60.0  484.835879  25.049922  439.687745  469.609074  480.714336   
05     60.0  484.781934  25.037018  439.897427  469.299274  480.727876   
06     60.0  484.728776  25.023961  439.999296  469.266834  480.690367   
07     60.0  484.677257  25.009964  440.127240  468.900377  480.588541   
08     60.0  484.627696  24.994368  440.274541  469.193763  480.515640   
09     60.0  484.580063  24.977154  440.435603  469.507612  480.352286   
10     60.0  484.534161  24.959176  440.608861  469.573617  480.178945   
11     60.0  484.489785  24.942222  440.797824  469.020305  479.978980   
12     60.0  484.446727  24.928170  440.921470  468.567383  479.787954   
13     60.0  484.404268  24.917773  440.360878  468.418160  479.598122   
14     60.0  484.361021  24.910167  439.803939  468.339547  479.617449   
15     60.0  484.315864  24.902535  439.278266  468.891076  479.632624   
16     61.0  485.022152  25.375166  438.810798  470.251968  480.469389   
17     61.0  484.966912  25.349339  438.420743  470.701793  479.799793   
18     61.0  484.910570  25.318623  438.117121  470.560087  479.160265   
19     61.0  484.854600  25.284700  437.901673  470.487963  479.428324   
20     61.0  484.800591  25.250277  437.776960  470.655018  479.487574   
21     61.0  484.749340  25.217174  437.744550  471.238649  479.029581   
22     61.0  484.701051  25.185881  437.800387  470.943864  479.420024   
23     61.0  484.655315  25.156896  437.937882  470.926702  479.779612   

             75%         max  
hist                          
00    508.125477  531.140474  
01    507.605317  531.216163  
02    508.287384  531.481983  
03    508.701185  531.761843  
04    508.784788  532.056040  
05    508.840491  532.355125  
06    508.650969  532.642483  
07    508.442438  532.901787  
08    508.262043  533.120921  
09    508.120994  533.292903  
10    508.031674  533.417713  
11    507.832586  533.497875  
12    507.686181  533.538942  
13    507.606330  533.541656  
14    507.117260  533.504518  
15    506.596146  533.432391  
16    508.496122  533.325789  
17    508.695046  533.177484  
18    508.408418  532.984036  
19    508.175461  532.747006  
20    508.024886  532.467432  
21    507.974432  532.152751  
22    508.036856  531.816397  
23    508.116637  531.475345  

us-east4
      count        mean        std         min         25%         50%  \
hist                                                                     
00     60.0  483.687740  31.374687  436.875451  461.631846  474.501594   
01     60.0  483.642144  31.340788  437.039198  461.846886  473.878798   
02     60.0  483.598067  31.304869  437.314875  462.043362  473.082523   
03     60.0  483.555629  31.268509  437.685306  462.163566  472.765440   
04     60.0  483.514810  31.232680  438.132412  462.165854  472.816350   
05     60.0  483.475791  31.198174  438.639375  461.788961  472.505698   
06     60.0  483.439105  31.165584  439.193180  461.338587  472.255481   
07     60.0  483.405269  31.135772  439.785640  460.714701  471.975572   
08     60.0  483.373617  31.108154  440.407296  460.436834  472.155683   
09     60.0  483.341940  31.079543  441.043254  459.811815  472.095038   
10     61.0  484.208515  31.580502  441.262752  458.894312  472.339308   
11     61.0  484.167236  31.537855  441.159611  458.614319  472.243573   
12     61.0  484.121109  31.489475  441.126943  459.008788  472.057057   
13     61.0  484.070476  31.437136  441.147127  458.591737  471.786103   
14     61.0  484.017032  31.384853  441.092181  458.424483  472.380268   
15     61.0  483.963937  31.338298  440.367070  459.533351  473.668442   
16     61.0  483.913229  31.300495  439.674612  460.246754  474.315826   
17     61.0  483.865216  31.271459  439.030927  461.053526  473.754735   
18     61.0  483.819554  31.249730  438.442765  461.925096  473.335066   
19     61.0  483.775904  31.233014  437.920553  461.614424  474.043474   
20     61.0  483.733837  31.218318  437.483206  461.387805  474.952858   
21     60.0  483.831694  31.446915  437.149226  461.337992  475.692270   
22     60.0  483.782743  31.428507  436.930114  461.482880  475.815499   
23     60.0  483.734694  31.404450  436.837072  461.657503  475.143354   

             75%         max  
hist                          
00    513.043378  560.791850  
01    512.159011  560.260035  
02    510.970727  559.668916  
03    510.194680  559.053537  
04    510.526032  558.421187  
05    509.853682  557.759419  
06    508.960351  557.051289  
07    509.851958  556.297568  
08    510.720317  555.495426  
09    510.092195  554.616194  
10    510.691524  553.597116  
11    511.219689  552.465814  
12    511.642258  554.034664  
13    511.949721  555.450434  
14    512.131098  556.730612  
15    512.919649  557.904933  
16    513.725855  558.961578  
17    514.479298  559.864378  
18    515.176804  560.590630  
19    515.179877  561.122393  
20    515.096729  561.446312  
21    515.041448  561.563337  
22    514.443290  561.481437  
23    513.773093  561.214643  

southamerica-east1
      count        mean        std         min         25%         50%  \
hist                                                                     
00     60.0  456.228409  37.694159  274.371933  443.525906  450.531025   
01     60.0  456.055167  38.056720  273.794395  443.583190  450.305927   
02     60.0  455.880262  38.415122  273.218466  443.600523  450.092512   
03     60.0  455.705806  38.763931  272.645048  443.162693  450.223777   
04     60.0  455.532327  39.103184  272.074849  443.134958  450.319967   
05     60.0  455.358414  39.439236  271.508369  443.201779  450.588147   
06     60.0  455.182036  39.779059  270.945812  443.280502  450.785952   
07     60.0  455.002054  40.124751  270.387292  443.365542  450.336419   
08     60.0  454.818289  40.475455  269.832854  443.451556  450.140482   
09     60.0  454.631237  40.827880  269.282260  443.532697  449.812712   
10     60.0  454.441535  41.176961  268.735061  443.565718  449.434395   
11     61.0  454.874896  41.455920  268.190719  443.760909  449.829767   
12     61.0  454.704937  41.785545  267.648703  444.023923  449.514433   
13     61.0  454.544881  42.086618  267.108534  443.928225  449.254733   
14     61.0  454.398706  42.355741  266.569759  443.835446  449.411100   
15     61.0  454.265656  42.599428  266.031980  443.983831  449.033860   
16     61.0  454.141594  42.830390  265.494931  444.211463  448.905472   
17     61.0  454.022430  43.058177  264.958476  444.313585  448.535379   
18     61.0  453.904940  43.288015  264.422578  444.378477  448.948268   
19     61.0  453.785142  43.524594  263.887236  444.823227  449.486485   
20     61.0  453.658358  43.773302  263.352383  444.651687  449.477625   
21     61.0  453.520464  44.039412  262.817838  444.195873  449.970283   
22     60.0  456.553842  36.999312  275.527234  443.992796  450.563043   
23     60.0  456.396154  37.337738  274.949990  443.749315  450.651123   

             75%         max  
hist                          
00    480.286615  518.967263  
01    480.176462  519.421719  
02    480.120671  519.771410  
03    480.123288  519.999658  
04    480.184380  520.097559  
05    480.302015  520.063473  
06    480.470909  519.900513  
07    480.686691  519.620986  
08    480.943343  519.246175  
09    481.232225  518.798179  
10    481.548297  518.293814  
11    481.704717  517.738069  
12    481.530083  517.135583  
13    481.337141  516.497812  
14    481.122138  515.838899  
15    480.884552  515.170727  
16    480.625951  514.499848  
17    480.352860  514.428087  
18    480.072330  515.117948  
19    479.792856  515.809225  
20    479.530831  516.496925  
21    479.302557  517.172891  
22    480.637764  517.823034  
23    480.443334  518.427806  

us-west4
      count        mean        std         min         25%         50%  \
hist                                                                     
00     60.0  471.681345  18.651830  433.923967  460.503993  467.277898   
01     60.0  471.648074  18.638270  434.589005  460.314853  467.209134   
02     60.0  471.613114  18.621660  435.314179  460.070707  467.255401   
03     60.0  471.576705  18.601571  434.691168  460.062360  467.297908   
04     60.0  471.539760  18.577708  434.069030  460.009782  467.378244   
05     60.0  471.503553  18.550275  433.511383  459.984775  467.608035   
06     60.0  471.469072  18.519975  433.022202  459.842833  467.823619   
07     61.0  472.050574  18.950469  432.602706  459.789276  468.083844   
08     61.0  472.014069  18.906666  432.251974  459.691444  468.400341   
09     61.0  471.980010  18.863997  431.966504  459.671536  468.724117   
10     61.0  471.947953  18.823688  431.742524  459.556865  468.697478   
11     61.0  471.917457  18.786350  431.574646  459.526802  468.494202   
12     61.0  471.888105  18.752095  431.454106  459.719324  468.320496   
13     61.0  471.859594  18.720851  431.370625  460.062706  468.143777   
14     61.0  471.831611  18.692620  431.316954  460.477360  467.905227   
15     61.0  471.803839  18.667084  431.294384  460.730354  467.905082   
16     61.0  471.776111  18.644017  431.310536  460.489375  467.798287   
17     61.0  471.748404  18.623190  431.376853  460.106148  467.713252   
18     60.0  471.874692  18.722132  431.508086  460.188720  467.805856   
19     60.0  471.840068  18.708297  431.715190  460.412361  467.736745   
20     60.0  471.806880  18.695568  432.000364  460.463207  467.664144   
21     60.0  471.775062  18.683991  432.363894  460.488598  467.580472   
22     60.0  471.744082  18.673465  432.806157  460.506010  467.430407   
23     60.0  471.713141  18.663162  433.327439  460.512196  467.322700   

             75%         max  
hist                          
00    482.644465  516.424423  
01    482.944273  516.656884  
02    483.206477  516.883507  
03    483.114379  517.103352  
04    483.012703  517.318161  
05    483.164926  517.529669  
06    483.451189  517.737435  
07    484.921210  517.938293  
08    484.741845  518.128846  
09    484.355593  518.305161  
10    484.823156  518.461374  
11    485.392118  518.592619  
12    485.968889  518.689387  
13    486.130990  518.742166  
14    486.280323  518.743719  
15    486.412440  518.684898  
16    486.336917  518.561418  
17    485.957757  518.367644  
18    485.862862  518.095591  
19    485.070204  517.741840  
20    483.684693  517.304548  
21    482.742737  516.785623  
22    482.653967  516.184916  
23    482.585172  516.187942  

us-west2
      count        mean        std         min         25%         50%  \
hist                                                                     
00     60.0  498.436916  60.689978  286.976190  482.306554  498.063784   
01     60.0  498.236154  60.894866  286.958892  482.139044  497.482607   
02     60.0  498.013079  61.115390  286.945977  482.250605  497.021651   
03     60.0  497.788972  61.344128  286.936759  482.290900  497.190152   
04     60.0  497.577723  61.570190  286.930629  481.812871  497.510524   
05     60.0  497.383270  61.786530  286.927121  481.494150  497.690711   
06     60.0  497.204235  61.991699  286.925985  481.483302  497.152197   
07     61.0  497.788619  61.945808  286.926991  481.987251  497.358803   
08     61.0  497.635557  62.135287  286.929986  482.246950  497.868487   
09     61.0  497.490662  62.319968  286.934862  482.539398  498.397984   
10     61.0  497.349837  62.500242  286.941481  482.927024  498.937856   
11     61.0  497.208576  62.677015  286.949757  483.241040  499.470363   
12     61.0  497.064088  62.853702  286.959679  483.155810  499.917872   
13     61.0  496.915419  63.035923  286.971268  482.926491  499.882619   
14     61.0  496.760961  63.228748  286.984608  482.665649  499.504235   
15     61.0  496.598307  63.439259  286.999855  482.385896  499.230020   
16     61.0  496.424389  63.678617  287.017191  482.103513  499.581069   
17     61.0  496.235450  63.960332  287.036784  481.834841  499.864009   
18     60.0  499.513000  58.747013  287.239702  484.427445  499.870982   
19     60.0  499.294966  59.176314  287.164884  484.086888  499.751514   
20     60.0  499.085647  59.605409  287.107042  483.732290  499.570494   
21     60.0  498.904568  59.974705  287.062428  483.359584  499.640287   
22     60.0  498.751809  60.261541  287.026983  482.965091  499.518299   
23     60.0  498.604901  60.487828  286.998612  482.636718  498.563580   

             75%         max  
hist                          
00    517.445405  615.937913  
01    516.804401  615.442127  
02    516.200210  618.130387  
03    515.659250  620.425236  
04    515.921327  622.359133  
05    516.167920  623.983956  
06    516.444644  625.313400  
07    519.804577  626.365089  
08    520.525748  627.128770  
09    520.184893  627.593195  
10    518.728964  627.763210  
11    519.293650  627.667158  
12    519.815384  627.363800  
13    520.234599  626.925481  
14    520.544480  626.364144  
15    520.739877  625.677913  
16    520.819987  624.872873  
17    520.631234  623.961664  
18    520.126902  622.967570  
19    519.635792  621.919943  
20    519.188874  620.822687  
21    518.779831  619.675407  
22    518.406232  618.478634  
23    518.068491  617.232621  

ca-central-1
      count       mean       std        min        25%        50%        75%  \
hist                                                                           
00     60.0  67.960442  1.862816  64.810125  66.386162  68.188291  69.266717   
01     60.0  67.957446  1.869024  64.683948  66.367829  68.162636  69.282906   
02     60.0  67.954278  1.875280  64.560034  66.350586  68.139131  69.271460   
03     60.0  67.950941  1.881531  64.437833  66.335363  68.118451  69.317895   
04     60.0  67.947447  1.887742  64.316935  66.341281  68.101052  69.334221   
05     60.0  67.943786  1.893863  64.197061  66.380122  68.078882  69.348599   
06     60.0  67.939936  1.899749  64.078002  66.414763  68.059894  69.356496   
07     60.0  67.935863  1.905265  63.959637  66.410204  68.077828  69.358467   
08     60.0  67.931538  1.910246  63.841910  66.422167  68.072743  69.337160   
09     60.0  67.926966  1.914564  63.724805  66.423529  68.073008  69.302753   
10     61.0  67.934978  1.904813  63.608296  66.461636  68.279295  69.280760   
11     61.0  67.930000  1.907851  63.492328  66.423567  68.279635  69.310575   
12     61.0  67.924673  1.910378  63.376884  66.385062  68.279088  69.342021   
13     61.0  67.919116  1.912743  63.261975  66.346055  68.276697  69.370623   
14     61.0  67.913482  1.915368  63.147608  66.325603  68.272739  69.388022   
15     61.0  67.907908  1.918683  63.033819  66.268634  68.268254  69.345261   
16     61.0  67.902494  1.923108  62.920653  66.234429  68.264236  69.287091   
17     61.0  67.897252  1.928936  62.808153  66.245615  68.258167  69.233781   
18     61.0  67.892123  1.936250  62.696353  66.185455  68.157305  69.204654   
19     61.0  67.887040  1.944878  62.585291  66.231410  68.116825  69.230237   
20     61.0  67.881995  1.954587  62.474978  66.272106  68.132279  69.248675   
21     60.0  67.968857  1.844869  65.069466  66.381116  68.199831  69.299143   
22     60.0  67.966061  1.850703  65.054711  66.386060  68.206692  69.344259   
23     60.0  67.963290  1.856700  64.939411  66.374556  68.213483  69.344513   

            max  
hist             
00    72.258419  
01    72.175469  
02    72.361999  
03    72.547682  
04    72.730416  
05    72.905884  
06    73.068082  
07    73.211199  
08    73.327722  
09    73.410964  
10    73.456343  
11    73.463219  
12    73.434732  
13    73.375085  
14    73.289272  
15    73.183396  
16    73.065375  
17    72.943345  
18    72.823563  
19    72.710476  
20    72.607505  
21    72.514269  
22    72.427654  
23    72.343569  

ap-northeast-1
      count       mean       std        min        25%        50%        75%  \
hist                                                                           
00     61.0  69.206979  1.048547  67.127088  68.507213  69.147505  70.013426   
01     61.0  69.206403  1.051132  67.157748  68.475483  69.284747  70.000428   
02     61.0  69.205980  1.052964  67.173451  68.504769  69.259179  69.975754   
03     61.0  69.205581  1.054041  67.150903  68.483855  69.238194  69.921094   
04     61.0  69.205060  1.054432  67.128143  68.461665  69.284639  69.889869   
05     61.0  69.204308  1.054210  67.105730  68.443884  69.347448  69.850902   
06     61.0  69.203301  1.053500  67.083959  68.429163  69.327560  69.861467   
07     61.0  69.202084  1.052451  67.063791  68.386862  69.379208  69.870828   
08     61.0  69.200722  1.051219  67.045951  68.326349  69.413534  69.867379   
09     61.0  69.199276  1.049970  67.031196  68.280948  69.380415  69.855476   
10     60.0  69.228686  1.029372  67.020117  68.349918  69.360363  69.864147   
11     60.0  69.227889  1.027026  67.013500  68.347127  69.312802  69.930604   
12     60.0  69.227163  1.025113  67.010977  68.345203  69.288234  69.962345   
13     60.0  69.226496  1.023873  67.011475  68.368269  69.292568  69.981030   
14     60.0  69.225859  1.023532  67.014057  68.349870  69.322044  70.000922   
15     60.0  69.225192  1.024167  67.018440  68.311037  69.283917  70.029612   
16     60.0  69.224432  1.025774  67.024536  68.296595  69.231080  70.058839   
17     60.0  69.223520  1.028313  67.031221  68.319088  69.203974  70.029048   
18     60.0  69.222422  1.031682  67.037952  68.356427  69.188849  70.043876   
19     60.0  69.221139  1.035665  67.044865  68.441180  69.173959  70.062790   
20     60.0  69.219701  1.039974  67.053369  68.546914  69.160032  70.069106   
21     60.0  69.218227  1.044334  67.064778  68.548071  69.125166  70.023273   
22     60.0  69.216881  1.048514  67.080325  68.544658  69.156975  70.004535   
23     61.0  69.207785  1.045333  67.100982  68.527533  69.137506  69.990517   

            max  
hist             
00    72.540459  
01    72.526414  
02    72.491280  
03    72.434973  
04    72.357649  
05    72.259344  
06    72.139871  
07    71.998950  
08    71.837784  
09    71.658567  
10    71.463797  
11    71.320018  
12    71.467821  
13    71.610281  
14    71.745614  
15    71.873304  
16    71.993658  
17    72.107009  
18    72.212771  
19    72.308688  
20    72.391511  
21    72.457889  
22    72.505652  
23    72.533453  

ap-southeast-2
      count       mean       std        min        25%        50%        75%  \
hist                                                                           
00     61.0  71.001109  1.657295  67.400373  70.061881  70.703699  72.080782   
01     61.0  70.994797  1.658659  67.269773  70.057426  70.736001  72.041712   
02     61.0  70.988317  1.660120  67.138732  70.041078  70.783283  71.960300   
03     61.0  70.981732  1.661801  67.007288  70.029389  70.741747  71.851599   
04     61.0  70.975111  1.663839  66.875512  70.068549  70.732964  71.741821   
05     61.0  70.968520  1.666406  66.743486  70.053321  70.714629  71.631980   
06     61.0  70.962029  1.669665  66.611280  70.035409  70.689908  71.601182   
07     61.0  70.955661  1.673707  66.478927  70.014395  70.754192  71.577949   
08     61.0  70.949406  1.678549  66.346405  70.040583  70.755608  71.584515   
09     61.0  70.943216  1.684186  66.213693  70.059756  70.791846  71.596007   
10     61.0  70.937025  1.690595  66.080801  70.085568  70.775874  71.608107   
11     60.0  71.013835  1.582179  67.703364  70.119089  70.778162  71.633609   
12     60.0  71.009354  1.584035  67.735018  70.150489  70.771861  71.640882   
13     60.0  71.004736  1.586283  67.769277  70.185863  70.719312  71.676723   
14     60.0  70.999939  1.588799  67.755953  70.222374  70.671093  71.674066   
15     60.0  70.994963  1.591448  67.684473  70.221791  70.633516  71.692220   
16     60.0  70.989853  1.594157  67.619737  70.217819  70.645084  71.721553   
17     60.0  70.984665  1.596932  67.562256  70.210621  70.654484  71.747252   
18     60.0  70.979432  1.599777  67.513260  70.201864  70.640007  71.768319   
19     60.0  70.974167  1.602668  67.473502  70.195601  70.629616  71.819280   
20     60.0  70.968865  1.605554  67.443163  70.170742  70.626462  71.872468   
21     60.0  70.963522  1.608355  67.422214  70.134173  70.628679  71.922452   
22     60.0  70.958095  1.610963  67.410490  70.079408  70.645905  71.967249   
23     60.0  70.952502  1.613278  67.407026  70.038165  70.686189  72.004631   

            max  
hist             
00    74.697813  
01    74.669629  
02    74.642375  
03    74.616205  
04    74.591059  
05    74.567109  
06    74.544134  
07    74.520980  
08    74.495321  
09    74.464443  
10    74.472343  
11    74.542253  
12    74.606680  
13    74.663663  
14    74.711238  
15    74.747927  
16    74.773962  
17    74.790269  
18    74.797610  
19    74.796695  
20    74.788347  
21    74.772842  
22    74.751198  
23    74.725535  

ap-south-1
      count       mean       std        min        25%        50%        75%  \
hist                                                                           
00     61.0  70.673471  1.780842  66.553726  69.313380  70.255155  72.491711   
01     61.0  70.668578  1.785786  66.452533  69.313081  70.339546  72.500974   
02     61.0  70.663423  1.791551  66.352610  69.315660  70.357566  72.512586   
03     61.0  70.658079  1.798094  66.253972  69.338382  70.363731  72.524504   
04     61.0  70.652618  1.805284  66.156640  69.344208  70.328555  72.516747   
05     61.0  70.647092  1.812991  66.060598  69.347129  70.223762  72.505604   
06     60.0  70.719482  1.730808  68.024952  69.363362  70.323551  72.514818   
07     60.0  70.715520  1.735314  68.024598  69.398330  70.341688  72.511278   
08     60.0  70.711649  1.739505  68.010106  69.406285  70.332829  72.499693   
09     60.0  70.707719  1.743285  67.912232  69.415737  70.292145  72.484813   
10     60.0  70.703639  1.746584  67.830721  69.413128  70.232404  72.469136   
11     60.0  70.699386  1.749420  67.764250  69.430297  70.211573  72.452370   
12     60.0  70.694992  1.751819  67.712084  69.438405  70.195089  72.427639   
13     60.0  70.690502  1.753843  67.674558  69.442880  70.182711  72.440879   
14     60.0  70.685941  1.755571  67.601489  69.432222  70.168957  72.443267   
15     60.0  70.681318  1.757051  67.496178  69.415603  70.133044  72.452878   
16     60.0  70.676650  1.758372  67.390748  69.400020  70.099807  72.469525   
17     60.0  70.671960  1.759639  67.285179  69.385760  70.087534  72.460023   
18     60.0  70.667327  1.760971  67.179542  69.368754  70.076000  72.422428   
19     61.0  70.695465  1.766236  67.073977  69.367131  70.049187  72.447705   
20     61.0  70.691109  1.768076  66.968652  69.363497  70.014257  72.502301   
21     61.0  70.686821  1.770360  66.863765  69.354592  70.035572  72.555288   
22     61.0  70.682514  1.773198  66.759517  69.338649  70.074705  72.555147   
23     61.0  70.678098  1.776666  66.656105  69.336460  70.100873  72.521313   

            max  
hist             
00    73.939755  
01    73.915277  
02    73.888409  
03    73.859644  
04    73.828944  
05    73.840133  
06    73.859021  
07    73.877198  
08    73.894589  
09    73.910943  
10    73.925525  
11    73.937111  
12    73.946305  
13    73.954714  
14    73.963193  
15    73.972319  
16    73.981267  
17    73.988960  
18    73.993962  
19    73.995607  
20    73.993774  
21    73.988000  
22    73.977148  
23    73.960773  

eu-west-2
      count       mean       std        min        25%        50%        75%  \
hist                                                                           
00     61.0  66.951599  1.233647  65.248612  65.989426  66.737914  67.438848   
01     61.0  66.949914  1.235189  65.307598  66.002011  66.729855  67.483372   
02     60.0  66.963091  1.242779  65.374062  66.029464  66.742781  67.479976   
03     60.0  66.962131  1.245748  65.445133  66.063364  66.725787  67.453370   
04     60.0  66.961258  1.249177  65.441893  66.057612  66.693057  67.432765   
05     60.0  66.960370  1.252703  65.440593  66.066750  66.658046  67.425835   
06     60.0  66.959391  1.256014  65.411336  66.071206  66.635250  67.419276   
07     60.0  66.958277  1.258854  65.375027  66.033297  66.616228  67.441216   
08     60.0  66.957012  1.261041  65.337260  66.064631  66.600287  67.471025   
09     60.0  66.955606  1.262471  65.298917  66.091380  66.582141  67.549243   
10     60.0  66.954097  1.263043  65.261147  66.081467  66.553571  67.514931   
11     60.0  66.952547  1.262785  65.224754  66.073921  66.524410  67.518519   
12     60.0  66.951020  1.261777  65.189914  66.104335  66.529815  67.560501   
13     60.0  66.949588  1.260165  65.157177  66.119293  66.504462  67.587831   
14     60.0  66.948329  1.258105  65.127229  66.102239  66.517668  67.575202   
15     61.0  66.967245  1.254512  65.101239  66.103119  66.569490  67.584561   
16     61.0  66.965653  1.251060  65.081161  66.097424  66.609004  67.583283   
17     61.0  66.964063  1.247586  65.069270  66.079548  66.612682  67.581036   
18     61.0  66.962419  1.244159  65.067288  66.025662  66.621847  67.576879   
19     61.0  66.960707  1.240899  65.075570  66.018818  66.635874  67.570556   
20     61.0  66.958942  1.237979  65.093572  66.012532  66.618829  67.562609   
21     61.0  66.957131  1.235594  65.120442  65.970698  66.628191  67.504720   
22     61.0  66.955269  1.233949  65.155245  65.979331  66.686706  67.431147   
23     61.0  66.953397  1.233248  65.197807  65.985664  66.686285  67.472326   

            max  
hist             
00    70.909139  
01    70.863588  
02    70.816250  
03    70.843324  
04    70.891181  
05    70.939949  
06    70.987922  
07    71.034277  
08    71.078142  
09    71.118083  
10    71.152839  
11    71.181850  
12    71.204187  
13    71.218137  
14    71.222123  
15    71.215992  
16    71.200952  
17    71.178794  
18    71.150638  
19    71.117118  
20    71.079675  
21    71.039628  
22    70.997549  
23    70.953866  

sa-east-1
      count       mean       std        min        25%        50%        75%  \
hist                                                                           
00     60.0  65.699287  0.888182  63.634380  65.081098  65.601192  66.306472   
01     60.0  65.698038  0.887141  63.609113  65.061121  65.585440  66.288189   
02     60.0  65.696842  0.886286  63.591326  65.113972  65.577615  66.259722   
03     60.0  65.695669  0.885739  63.579816  65.099036  65.557857  66.234854   
04     60.0  65.694513  0.885514  63.573418  65.116815  65.559251  66.248597   
05     60.0  65.693388  0.885583  63.572398  65.147661  65.563009  66.263535   
06     60.0  65.692307  0.885857  63.577949  65.143390  65.529208  66.268063   
07     60.0  65.691250  0.886214  63.590043  65.120963  65.566875  66.267237   
08     60.0  65.690191  0.886528  63.607796  65.114993  65.587652  66.237805   
09     60.0  65.689111  0.886711  63.630529  65.125299  65.574187  66.200722   
10     60.0  65.687988  0.886708  63.658016  65.118835  65.559127  66.186689   
11     61.0  65.709398  0.896562  63.690505  65.138998  65.567923  66.290241   
12     61.0  65.708068  0.895972  63.727479  65.154584  65.615020  66.230534   
13     61.0  65.706549  0.895152  63.767746  65.148179  65.621534  66.220469   
14     61.0  65.704849  0.894220  63.811385  65.141163  65.606132  66.237837   
15     61.0  65.703014  0.893262  63.819251  65.164549  65.606657  66.214989   
16     61.0  65.701092  0.892347  63.831372  65.112217  65.620192  66.226145   
17     61.0  65.699144  0.891498  63.846245  65.097632  65.654538  66.269735   
18     61.0  65.697218  0.890704  63.862739  65.091146  65.622683  66.304050   
19     61.0  65.695335  0.889967  63.877490  65.065602  65.591083  66.327454   
20     61.0  65.693496  0.889281  63.814970  65.050381  65.601386  66.339275   
21     61.0  65.691691  0.888615  63.758412  65.038016  65.582658  66.341032   
22     60.0  65.702030  0.890356  63.709034  65.118741  65.586072  66.282589   
23     60.0  65.700617  0.889266  63.667720  65.101698  65.606418  66.309159   

            max  
hist             
00    67.744739  
01    67.722828  
02    67.695066  
03    67.663274  
04    67.629767  
05    67.596632  
06    67.565191  
07    67.536502  
08    67.510442  
09    67.486921  
10    67.466272  
11    67.486311  
12    67.520783  
13    67.553995  
14    67.585764  
15    67.616306  
16    67.645618  
17    67.673903  
18    67.701370  
19    67.726883  
20    67.747545  
21    67.760618  
22    67.764670  
23    67.759194  

eu-central-1
      count       mean       std        min        25%        50%        75%  \
hist                                                                           
00     61.0  68.136060  0.980377  66.368798  67.466976  67.898873  68.742725   
01     61.0  68.135050  0.978687  66.380441  67.433558  67.916940  68.664509   
02     61.0  68.133960  0.976681  66.398783  67.436808  67.925136  68.607783   
03     60.0  68.137118  0.982106  66.424396  67.409872  67.959580  68.643808   
04     60.0  68.135840  0.979749  66.457532  67.397880  67.994227  68.606416   
05     60.0  68.134621  0.977396  66.498131  67.361938  67.990722  68.639280   
06     60.0  68.133446  0.975215  66.546060  67.324825  67.988536  68.688633   
07     60.0  68.132359  0.973339  66.600937  67.313851  67.977122  68.737762   
08     60.0  68.131406  0.971873  66.662546  67.348909  67.955597  68.786896   
09     60.0  68.130619  0.970904  66.671045  67.375435  67.939273  68.835445   
10     60.0  68.130004  0.970491  66.634395  67.380899  67.940164  68.882882   
11     60.0  68.129525  0.970572  66.600528  67.372930  67.922585  68.928721   
12     60.0  68.129114  0.971046  66.569319  67.351727  67.914827  68.976265   
13     60.0  68.128723  0.971871  66.540172  67.359558  67.918038  69.035783   
14     60.0  68.128321  0.973089  66.512349  67.394586  67.895949  69.044693   
15     60.0  68.127902  0.974813  66.485127  67.420161  67.886519  69.010669   
16     61.0  68.140256  0.973693  66.458935  67.415750  67.879619  68.965496   
17     61.0  68.140169  0.976038  66.434486  67.394887  67.894098  68.949979   
18     61.0  68.139915  0.978232  66.412303  67.416574  67.894302  68.934391   
19     61.0  68.139532  0.980099  66.393040  67.457599  67.870111  68.912501   
20     61.0  68.139045  0.981477  66.377735  67.500896  67.892939  68.882503   
21     61.0  68.138455  0.982234  66.367327  67.511576  67.888220  68.850414   
22     61.0  68.137757  0.982278  66.362207  67.513218  67.894465  68.810707   
23     61.0  68.136962  0.981627  66.362786  67.515909  67.896453  68.835816   

            max  
hist             
00    70.265158  
01    70.261019  
02    70.253392  
03    70.242573  
04    70.229586  
05    70.215769  
06    70.201706  
07    70.186850  
08    70.170505  
09    70.152559  
10    70.132827  
11    70.111142  
12    70.087401  
13    70.062089  
14    70.036208  
15    70.046898  
16    70.096018  
17    70.139651  
18    70.177083  
19    70.207569  
20    70.231276  
21    70.248413  
22    70.259315  
23    70.264785  

us-east-1
      count       mean       std        min        25%        50%        75%  \
hist                                                                           
00     60.0  70.151468  1.082602  68.004826  69.418614  69.942984  70.656593   
01     60.0  70.151250  1.083267  67.979643  69.465299  69.980588  70.674188   
02     60.0  70.151140  1.083567  67.960717  69.454934  69.981490  70.658469   
03     60.0  70.151117  1.083591  67.949387  69.441622  69.988413  70.654686   
04     60.0  70.151123  1.083474  67.946993  69.426276  69.996213  70.666970   
05     60.0  70.151105  1.083361  67.954670  69.406387  70.007843  70.678830   
06     60.0  70.151081  1.083281  67.973293  69.391606  70.041665  70.677979   
07     60.0  70.151102  1.083127  68.004277  69.380713  70.022689  70.665321   
08     60.0  70.151234  1.082791  68.048459  69.374828  69.978925  70.693248   
09     60.0  70.151529  1.082190  68.105104  69.378890  69.970174  70.686176   
10     61.0  70.163885  1.075906  68.173239  69.400122  69.992292  70.845637   
11     61.0  70.164997  1.074779  68.249584  69.430507  70.007136  70.846146   
12     61.0  70.166221  1.073524  68.296153  69.433291  70.057736  70.846522   
13     61.0  70.167492  1.072349  68.326398  69.425762  70.097323  70.914740   
14     61.0  70.168746  1.071591  68.301454  69.416083  70.089728  70.973144   
15     61.0  70.169912  1.071496  68.278330  69.377619  70.129079  70.935599   
16     61.0  70.170934  1.072175  68.255073  69.362357  70.172271  70.922672   
17     61.0  70.171782  1.073611  68.229541  69.332150  70.176642  70.899728   
18     61.0  70.172476  1.075707  68.201411  69.320273  70.140208  70.847830   
19     61.0  70.173072  1.078246  68.171086  69.326094  70.098308  70.824364   
20     61.0  70.173646  1.080997  68.138229  69.335188  70.049632  70.773637   
21     60.0  70.152306  1.079198  68.103512  69.321730  70.012472  70.704644   
22     60.0  70.152087  1.080427  68.068495  69.347544  69.963169  70.670608   
23     60.0  70.151771  1.081616  68.034826  69.361731  69.940961  70.658259   

            max  
hist             
00    73.011281  
01    73.071523  
02    73.120939  
03    73.160804  
04    73.192432  
05    73.217241  
06    73.235583  
07    73.247377  
08    73.252983  
09    73.253162  
10    73.247954  
11    73.237274  
12    73.222019  
13    73.202780  
14    73.179436  
15    73.151396  
16    73.117379  
17    73.075918  
18    73.026901  
19    72.970021  
20    72.905429  
21    72.833655  
22    72.860674  
23    72.940491  

us-west-1
      count       mean       std        min        25%        50%        75%  \
hist                                                                           
00     60.0  69.362947  1.581542  66.404368  68.063428  69.643719  70.708120   
01     60.0  69.359506  1.584757  66.387085  68.022937  69.587144  70.746942   
02     60.0  69.355990  1.588125  66.305515  68.053155  69.603193  70.786415   
03     60.0  69.352338  1.591602  66.232287  68.061554  69.578295  70.842836   
04     60.0  69.348490  1.595033  66.167903  68.041970  69.541039  70.884284   
05     60.0  69.344406  1.598265  66.112454  68.018050  69.547708  70.923844   
06     60.0  69.340060  1.601187  66.065688  68.024721  69.640440  70.912490   
07     61.0  69.358345  1.600318  66.027386  68.052325  69.720279  70.877399   
08     61.0  69.354098  1.602961  65.997188  68.071958  69.717025  70.842061   
09     61.0  69.349893  1.605504  65.975026  68.095790  69.723679  70.807108   
10     61.0  69.345801  1.608072  65.960202  68.112084  69.720596  70.773851   
11     61.0  69.341842  1.610800  65.952026  68.118216  69.738178  70.766569   
12     61.0  69.337995  1.613855  65.866203  68.127205  69.749783  70.816177   
13     61.0  69.334214  1.617457  65.742878  68.109008  69.752540  70.859052   
14     61.0  69.330426  1.621805  65.619703  68.058677  69.746670  70.892408   
15     61.0  69.326544  1.626953  65.496822  68.059532  69.732682  70.863294   
16     61.0  69.322501  1.632786  65.374321  68.097607  69.710931  70.826437   
17     61.0  69.318217  1.639182  65.252240  68.137598  69.682049  70.782954   
18     60.0  69.383312  1.566427  66.060775  68.127473  69.885745  70.769807   
19     60.0  69.380101  1.568713  66.100756  68.104492  69.898409  70.804769   
20     60.0  69.376753  1.570988  66.148364  68.087633  69.902789  70.820462   
21     60.0  69.373317  1.573329  66.203263  68.074485  69.845095  70.809542   
22     60.0  69.369838  1.575818  66.264791  68.065966  69.778278  70.778159   
23     60.0  69.366379  1.578544  66.332169  68.062392  69.710619  70.739847   

            max  
hist             
00    71.842895  
01    71.830750  
02    71.855096  
03    71.876530  
04    71.878965  
05    71.859269  
06    71.816198  
07    71.750603  
08    71.664775  
09    71.562466  
10    71.501410  
11    71.511928  
12    71.517204  
13    71.552150  
14    71.586907  
15    71.622802  
16    71.659865  
17    71.697041  
18    71.733207  
19    71.766869  
20    71.796345  
21    71.819892  
22    71.836182  
23    71.844224  

us-west-2
      count       mean       std        min        25%        50%        75%  \
hist                                                                           
00     60.0  70.284758  1.184091  68.407320  69.407799  70.066126  71.036489   
01     60.0  70.284292  1.186861  68.427198  69.410582  70.051465  71.031977   
02     60.0  70.283763  1.190171  68.447663  69.404687  70.038981  71.095134   
03     60.0  70.283130  1.193944  68.470342  69.400756  70.034949  71.123001   
04     60.0  70.282359  1.198066  68.496322  69.416093  70.062994  71.135033   
05     60.0  70.281396  1.202348  68.525665  69.439742  70.027520  71.144988   
06     60.0  70.280134  1.206386  68.557420  69.460310  70.034088  71.142873   
07     61.0  70.255951  1.209270  68.514609  69.387400  69.991419  71.056044   
08     61.0  70.256225  1.206770  68.431147  69.471935  69.987524  71.044115   
09     61.0  70.256367  1.204228  68.357246  69.446917  69.980027  71.034150   
10     61.0  70.256427  1.201811  68.295109  69.476472  70.009566  71.025275   
11     61.0  70.256423  1.199724  68.246133  69.530159  70.033592  71.016110   
12     61.0  70.256353  1.198101  68.210786  69.514943  70.006067  71.005219   
13     61.0  70.256185  1.196974  68.188930  69.447381  70.042366  70.990768   
14     61.0  70.255896  1.196342  68.179809  69.440645  70.066429  70.971460   
15     61.0  70.255478  1.196221  68.182564  69.428264  70.068441  70.946521   
16     61.0  70.254903  1.196544  68.195986  69.405428  70.085764  70.912387   
17     61.0  70.254160  1.197236  68.218128  69.442267  70.103245  70.880846   
18     60.0  70.287728  1.177464  68.246392  69.480598  70.114539  70.912690   
19     60.0  70.287248  1.177596  68.277432  69.470602  70.118898  71.014272   
20     60.0  70.286704  1.178046  68.308354  69.421864  70.117993  71.060086   
21     60.0  70.286167  1.178891  68.337263  69.382374  70.111876  71.073181   
22     60.0  70.285668  1.180158  68.363297  69.365525  70.101128  71.063034   
23     60.0  70.285204  1.181872  68.386359  69.376987  70.083062  71.035616   

            max  
hist             
00    73.638253  
01    73.705002  
02    73.761657  
03    73.806306  
04    73.837281  
05    73.853713  
06    73.855244  
07    73.841730  
08    73.812915  
09    73.768803  
10    73.710426  
11    73.639311  
12    73.556748  
13    73.463173  
14    73.358884  
15    73.245913  
16    73.126004  
17    73.000763  
18    73.098487  
19    73.200103  
20    73.297811  
21    73.391339  
22    73.479990  
23    73.562757  

brazilsouth
      count       mean       std        min        25%        50%        75%  \
hist                                                                           
00     60.0  56.259762  4.022062  44.929825  54.130000  56.162354  58.560000   
01     60.0  56.841220  4.071670  50.595064  54.244583  56.247631  58.279431   
02     60.0  57.197294  4.423192  50.087500  54.438250  56.485833  59.041875   
03     60.0  57.175853  3.578303  50.322500  55.226149  56.665410  58.152917   
04     60.0  56.720475  4.453287  47.133333  53.712992  56.167083  57.982292   
05     60.0  56.350804  3.781536  48.799167  53.089583  56.433333  58.204167   
06     60.0  56.355743  3.849818  48.065000  54.541250  56.346806  58.356250   
07     60.0  57.920319  4.369564  49.385833  55.401867  57.735000  59.230625   
08     60.0  56.996640  3.489376  50.276667  54.813750  56.594600  58.966667   
09     60.0  57.211359  5.070961  49.400833  54.317173  56.009583  58.755417   
10     60.0  58.000763  4.453718  49.955833  55.306382  57.220000  60.237708   
11     61.0  58.165391  4.205697  51.441582  55.305000  57.595000  60.934167   
12     61.0  58.451566  5.067379  50.849167  55.282500  57.817500  60.797500   
13     61.0  57.493895  4.786489  46.766667  55.324437  57.207500  58.988294   
14     61.0  58.074774  5.002212  49.928333  55.580645  57.278333  59.590833   
15     61.0  58.059493  4.819582  50.204508  54.630000  57.213266  60.102675   
16     61.0  58.613957  4.445496  49.375833  55.886667  57.715309  61.587500   
17     61.0  57.365473  4.592700  49.865833  54.825000  56.524167  58.816667   
18     61.0  57.505562  4.263088  48.835833  54.622500  56.647500  60.055172   
19     61.0  57.499706  3.971505  49.019147  54.556667  57.719167  59.662219   
20     61.0  56.882032  4.444890  50.932500  54.054167  56.357500  58.978333   
21     61.0  56.943376  3.703946  45.207358  54.702500  56.265221  59.198333   
22     60.0  57.748366  3.944978  51.198333  55.046958  57.000417  59.609135   
23     60.0  56.571971  4.184536  48.304167  54.159167  55.953271  58.890417   

            max  
hist             
00    68.041667  
01    72.124167  
02    71.011667  
03    70.975000  
04    71.977500  
05    69.078333  
06    71.577500  
07    73.153846  
08    69.282736  
09    78.696667  
10    74.090075  
11    70.190563  
12    76.710000  
13    78.194167  
14    83.148333  
15    74.714167  
16    69.971667  
17    74.208333  
18    71.118333  
19    68.191667  
20    76.979167  
21    66.810345  
22    73.554167  
23    72.895833  

australiaeast
      count       mean       std        min        25%        50%        75%  \
hist                                                                           
00     61.0  70.081104  4.808337  61.328984  66.234167  69.864865  72.639485   
01     61.0  70.308848  4.500292  59.336177  67.022923  70.214350  74.027248   
02     61.0  68.727804  5.149505  58.627543  64.374384  68.795954  71.649874   
03     61.0  69.444271  5.111542  58.869524  65.650000  69.831315  72.103896   
04     61.0  68.841186  5.063559  57.642458  65.087666  68.352709  72.814580   
05     61.0  69.546727  4.992894  59.888603  65.474531  70.227891  72.520325   
06     61.0  69.416579  4.690834  60.619167  66.002442  69.478585  72.726750   
07     61.0  69.713726  4.965543  58.502500  66.335745  69.697500  73.702889   
08     61.0  69.605591  4.730091  59.187500  66.400000  69.430911  72.488832   
09     61.0  70.028322  5.039346  60.078680  66.545910  69.914669  73.068398   
10     61.0  69.474340  5.110061  55.992731  66.190833  69.737500  73.998028   
11     60.0  69.775765  5.152731  59.714026  66.565584  69.419101  73.102715   
12     60.0  70.394779  4.955940  60.761682  66.396042  70.677917  72.939443   
13     60.0  69.995713  4.353298  60.502500  67.478125  70.391894  73.282794   
14     60.0  71.152606  5.673102  58.290432  67.405321  72.301615  75.032372   
15     60.0  70.018873  4.480740  61.308333  66.484946  70.061727  73.386042   
16     60.0  70.157568  5.296693  59.986431  67.166197  69.685812  73.650599   
17     60.0  69.504122  4.858106  60.023194  66.477254  70.140746  72.216581   
18     60.0  69.267395  4.764883  58.257443  66.217882  68.859516  72.739923   
19     60.0  69.987138  4.594534  61.078406  67.561340  70.198604  72.702792   
20     60.0  69.168085  4.420049  58.768714  65.813540  68.264035  72.427757   
21     60.0  69.665802  5.391345  58.160350  65.865358  69.205573  74.248104   
22     60.0  69.761005  5.517584  58.879388  65.540179  70.326850  73.966674   
23     60.0  70.283248  4.735810  58.769912  67.051332  69.840581  73.026564   

            max  
hist             
00    80.980392  
01    79.630638  
02    80.270983  
03    82.849807  
04    83.523973  
05    80.720803  
06    80.636792  
07    79.936553  
08    81.193370  
09    82.266667  
10    78.281739  
11    81.432900  
12    82.982005  
13    79.776190  
14    84.839050  
15    80.212121  
16    84.112084  
17    82.593315  
18    77.982624  
19    80.064771  
20    78.817266  
21    82.208017  
22    86.492795  
23    80.840764  

eastus
      count       mean        std        min        25%        50%        75%  \
hist                                                                            
00     60.0  72.632054   3.277039  64.165487  70.188125  72.783337  75.129285   
01     60.0  72.989465   2.928158  67.259167  71.275679  73.132622  74.889118   
02     60.0  72.297744   2.634661  65.170000  70.261222  72.309555  73.588333   
03     60.0  72.716650   2.547828  68.322204  71.183270  72.839379  74.292374   
04     60.0  73.136905   3.074504  63.765000  71.208601  73.574583  75.209583   
05     60.0  72.616577   2.727974  66.435726  70.551042  72.990000  74.521664   
06     60.0  73.348548   2.776028  66.088333  71.640751  73.428269  74.853958   
07     60.0  73.296444   2.623830  68.077694  71.399674  72.977009  75.201991   
08     60.0  73.202664   3.301028  65.453556  70.911418  72.808692  75.024167   
09     60.0  74.015869   3.167705  68.630000  72.364256  73.577917  75.589656   
10     61.0  74.062315   3.213935  67.230833  72.403333  73.762104  76.130833   
11     61.0  74.152850   3.109579  67.054167  72.424875  73.838409  75.565217   
12     61.0  76.232961  14.327906  68.291562  71.776294  74.234167  76.442500   
13     61.0  73.533617   3.761363  64.181135  70.706667  73.618333  75.527500   
14     61.0  73.522601   3.841714  67.249374  70.934891  72.847500  75.645781   
15     61.0  73.220709   3.442307  65.675000  71.036667  73.382500  75.274167   
16     61.0  73.876450   3.172726  67.690685  71.978333  74.066667  75.413333   
17     61.0  73.607576   3.441543  66.447500  71.553131  73.910833  75.140951   
18     61.0  74.059016   3.452140  67.561667  71.685000  74.005833  76.155000   
19     61.0  73.625437   3.044715  66.012500  71.481667  73.553885  75.477072   
20     61.0  72.537120   3.076029  64.876564  70.780000  72.555864  74.550000   
21     60.0  73.093788   3.083942  67.390833  70.791667  73.238633  75.344792   
22     60.0  72.115645   2.902119  67.870418  69.568159  71.630731  74.336042   
23     60.0  72.500507   2.579854  64.035836  71.178345  72.838616  74.108180   

             max  
hist              
00     78.975000  
01     81.920000  
02     79.561667  
03     80.971643  
04     78.350000  
05     79.652500  
06     79.085071  
07     81.631667  
08     82.145256  
09     83.055000  
10     82.672227  
11     81.279866  
12    182.928333  
13     86.330000  
14     91.907500  
15     80.908688  
16     80.265000  
17     82.820833  
18     85.241667  
19     82.315833  
20     81.367500  
21     79.910684  
22     79.980833  
23     77.846667  

centralindia
      count       mean       std        min        25%        50%        75%  \
hist                                                                           
00     61.0  49.351781  3.537645  43.253968  47.170000  48.932500  51.372500   
01     61.0  49.289444  3.470750  44.042500  46.400833  48.985833  51.656667   
02     61.0  48.988626  3.479163  42.762500  46.786667  48.761667  50.625833   
03     61.0  49.312409  3.550076  41.909925  47.232500  49.376936  51.692500   
04     61.0  49.038799  3.072815  41.441667  47.286792  48.631579  50.855833   
05     61.0  48.708093  3.284612  41.972500  46.538333  48.292500  50.523649   
06     60.0  48.902051  3.400403  42.299167  46.692708  48.125833  50.972708   
07     60.0  49.127866  2.938307  42.952500  47.390907  49.068438  51.288958   
08     60.0  49.565428  3.249872  44.175000  47.044792  49.368747  51.120833   
09     60.0  50.534027  3.958105  42.525833  47.754768  50.418464  52.488750   
10     60.0  49.993914  3.542849  41.652988  47.292917  49.779245  52.905675   
11     60.0  50.103739  3.931617  43.818333  47.272048  49.467500  52.235417   
12     60.0  50.296115  4.353610  42.578333  46.971458  50.160252  52.591667   
13     60.0  50.727559  3.983592  43.976236  47.869792  50.225833  52.258542   
14     60.0  50.364173  3.752947  44.205000  47.654792  49.756005  52.004380   
15     60.0  50.973894  4.656052  43.165833  47.560000  49.722083  53.017547   
16     60.0  50.284091  4.371158  43.283333  47.198125  49.025417  52.374583   
17     60.0  50.046329  3.809167  43.905000  47.050833  49.937876  51.700208   
18     60.0  49.662119  4.108714  43.630000  46.847366  48.952751  52.300833   
19     61.0  49.798773  3.427999  43.213333  47.057500  49.425833  51.962500   
20     61.0  50.397925  3.626121  44.500000  47.984167  50.130108  52.223342   
21     61.0  50.059115  3.862347  42.376667  47.529837  49.801903  52.770000   
22     61.0  49.437212  3.197047  43.166205  47.548333  49.047500  50.861667   
23     61.0  48.919713  4.091202  40.963211  46.147500  48.260000  51.359167   

            max  
hist             
00    63.604341  
01    58.591326  
02    64.974167  
03    58.551667  
04    57.630833  
05    57.001667  
06    61.183639  
07    57.056761  
08    56.958333  
09    67.061667  
10    58.639167  
11    65.507513  
12    64.489167  
13    66.615706  
14    62.378333  
15    67.691011  
16    62.693333  
17    65.050833  
18    62.000833  
19    60.399167  
20    62.205000  
21    60.613333  
22    60.922500  
23    59.585000  

japaneast
      count       mean       std        min        25%        50%        75%  \
hist                                                                           
00     61.0  60.956307  7.638450  47.821667  55.040833  61.547500  67.595496   
01     61.0  61.010049  8.135985  47.603333  54.281667  60.531667  68.817500   
02     61.0  60.664279  8.121947  44.472038  54.560833  61.579167  68.149167   
03     61.0  61.545447  7.736932  48.025000  54.795000  61.639167  69.040833   
04     61.0  61.462667  7.743069  48.385000  54.202500  62.383333  68.834167   
05     61.0  61.162816  8.139413  46.405833  53.904167  60.521667  68.786042   
06     61.0  60.813270  8.286989  47.272500  53.640000  60.879167  67.753333   
07     61.0  61.243200  8.628204  46.840000  54.463140  60.472500  69.454545   
08     61.0  61.655020  7.755870  48.149167  54.646667  60.501667  67.843333   
09     61.0  61.160050  8.263281  44.921667  53.699167  58.947500  69.216667   
10     60.0  62.559174  8.341084  48.814647  55.621667  62.709167  70.100108   
11     60.0  61.911118  7.786313  43.438333  54.891697  61.192083  69.455622   
12     60.0  63.019962  8.361479  46.062500  55.829514  61.914167  70.711814   
13     60.0  62.311784  8.020235  47.352500  55.233333  63.284716  69.973958   
14     60.0  62.697729  8.292355  49.454167  54.321667  64.138843  70.381042   
15     60.0  63.151557  8.765730  46.830065  55.203333  61.855833  70.164915   
16     60.0  63.050867  9.001853  47.121667  55.917292  60.732500  71.469116   
17     60.0  62.610915  7.518084  48.178333  56.293333  62.807083  68.927568   
18     60.0  62.386396  8.382399  45.221667  54.876458  63.503750  69.347651   
19     60.0  62.010707  8.710495  43.619167  54.806458  61.620417  70.317708   
20     60.0  61.649403  8.957324  46.964377  53.627083  62.346572  70.243542   
21     60.0  61.436423  8.239015  42.576667  54.155174  59.757083  69.598041   
22     60.0  61.540772  8.167646  45.272500  54.360625  61.588770  68.972708   
23     61.0  61.468446  8.189670  44.731394  53.643333  62.433333  68.776824   

            max  
hist             
00    74.467500  
01    79.875000  
02    73.130472  
03    76.280000  
04    74.996664  
05    77.767500  
06    74.959967  
07    77.462500  
08    80.206839  
09    74.299167  
10    78.359361  
11    73.680869  
12    77.047500  
13    77.495000  
14    75.989167  
15    79.889816  
16    81.073919  
17    80.203503  
18    75.062500  
19    75.664167  
20    80.910000  
21    74.982485  
22    73.567139  
23    75.273183  

germanywestcentral
      count       mean       std        min        25%        50%        75%  \
hist                                                                           
00     61.0  50.842933  4.473473  43.534167  47.490000  49.815000  53.125000   
01     61.0  49.884855  3.653165  42.774979  47.724311  50.248120  51.787156   
02     61.0  50.658647  3.834081  42.973333  48.123333  50.101667  52.131868   
03     60.0  50.740244  4.337396  43.023333  47.489821  49.906250  52.712083   
04     60.0  50.383276  4.123666  43.074167  47.539822  49.654267  53.125417   
05     60.0  51.382220  5.952449  42.928064  47.649375  50.392007  52.538759   
06     60.0  50.071137  4.137266  43.472013  46.880208  48.919482  52.518542   
07     60.0  51.745574  4.827856  45.361204  48.215625  50.808750  53.215000   
08     60.0  50.677768  3.731039  44.191152  47.959792  50.438750  52.771458   
09     60.0  50.585586  4.262761  41.992494  48.132557  50.672083  52.214160   
10     60.0  51.673722  4.538515  44.945000  48.046875  51.429331  55.046042   
11     60.0  51.315415  4.529924  42.206897  48.593750  50.321198  52.978542   
12     60.0  52.730714  5.811120  44.754448  48.309432  52.240671  55.978750   
13     60.0  52.403268  5.025433  43.879498  49.132292  51.262917  55.332917   
14     60.0  51.798898  3.238747  45.113333  49.690339  51.630000  53.061250   
15     60.0  50.473521  3.497718  42.916597  48.201667  50.306937  52.921453   
16     61.0  51.512281  4.457149  44.310518  48.523333  50.740000  54.168333   
17     61.0  52.426476  4.724126  43.774167  49.213333  51.745000  54.498333   
18     61.0  51.267351  5.627757  41.883272  46.922500  50.929167  54.796667   
19     61.0  51.625969  4.773383  43.032500  47.719167  51.086667  54.929167   
20     61.0  50.836309  4.192339  45.039167  48.352500  50.600000  52.560000   
21     61.0  51.504119  4.665542  43.876667  48.495833  51.047500  53.377500   
22     61.0  51.421371  3.773569  43.736667  48.790833  51.168333  53.498331   
23     61.0  51.743530  5.048094  43.061667  48.378333  50.965225  53.737500   

            max  
hist             
00    66.388333  
01    63.458333  
02    61.155000  
03    62.288333  
04    64.484167  
05    77.688539  
06    62.121667  
07    67.342500  
08    60.668333  
09    71.037500  
10    64.429167  
11    65.721667  
12    72.200000  
13    70.464167  
14    64.940000  
15    59.993007  
16    67.060000  
17    67.902500  
18    70.909167  
19    63.217500  
20    71.315833  
21    68.715000  
22    63.449167  
23    63.627500  

westus
      count       mean        std        min        25%        50%        75%  \
hist                                                                            
00     60.0  71.561029   3.670661  60.972093  69.223014  71.746649  73.646151   
01     60.0  72.084811   3.220359  63.249167  70.068261  72.201323  73.862334   
02     60.0  71.736380   3.817157  62.999167  69.334002  71.800417  74.013958   
03     60.0  71.973951   4.008839  62.326230  69.076042  71.738750  75.161875   
04     60.0  71.922447   3.668585  65.934167  68.614792  71.973750  74.514792   
05     60.0  72.076443   4.185011  58.675000  69.792708  71.959566  75.107708   
06     60.0  71.826129   4.002520  62.821429  68.973719  71.778750  74.483556   
07     61.0  73.098525   3.654365  63.149167  70.823333  73.145833  75.307500   
08     61.0  73.394804   3.699399  65.317500  70.903333  73.238532  75.588752   
09     61.0  73.116636   4.684197  62.747500  70.078856  73.590000  76.025000   
10     61.0  73.506725   3.425474  66.710630  70.840359  73.256667  75.177951   
11     61.0  74.146890  11.254475  65.062559  70.483333  73.234310  75.140000   
12     61.0  73.240616   4.229383  62.758890  70.519167  73.327160  75.435833   
13     61.0  73.339156   6.714114  62.807175  70.290000  72.354167  75.485833   
14     61.0  72.312857   3.636763  61.125926  70.157715  71.880833  74.627500   
15     61.0  72.484336   3.354387  62.689175  70.570552  72.819247  75.265000   
16     61.0  73.625127   4.096065  67.571667  70.784167  72.756667  76.244700   
17     61.0  73.135956   3.531181  64.716172  70.373333  73.233333  74.931667   
18     60.0  72.412427   3.468246  66.411667  69.772697  72.377917  74.431458   
19     60.0  72.027261   2.945449  67.129630  69.609966  71.892815  74.006875   
20     60.0  74.088375  13.187692  62.211538  69.483125  71.971250  75.762057   
21     60.0  71.721016   3.449890  62.441331  69.761042  71.614167  73.435847   
22     60.0  71.914404   3.961015  64.362319  69.090417  71.804190  74.738125   
23     60.0  72.600688   3.154654  63.595833  70.876667  72.602049  74.631458   

             max  
hist              
00     80.775000  
01     78.631119  
02     82.496795  
03     83.267057  
04     80.116667  
05     80.765833  
06     83.130833  
07     81.008333  
08     81.906667  
09     88.468333  
10     82.050699  
11    156.058333  
12     84.510000  
13    115.412500  
14     80.078333  
15     79.014567  
16     92.866429  
17     84.346535  
18     80.842500  
19     80.511385  
20    168.817500  
21     79.539167  
22     81.817500  
23     80.514382  

uksouth
      count       mean       std        min        25%        50%        75%  \
hist                                                                           
00     61.0  55.666841  5.142429  44.974167  52.231667  54.931667  57.970833   
01     61.0  57.049507  5.253405  44.091667  54.350000  56.125000  59.035000   
02     60.0  57.325422  6.173987  46.273333  53.814696  55.683750  59.911042   
03     60.0  57.295057  5.080071  46.184167  54.486042  56.364295  59.428750   
04     60.0  57.374080  5.155002  48.576667  54.009929  55.994583  59.862917   
05     60.0  57.036847  5.197493  46.474592  54.415887  55.561250  58.808750   
06     60.0  56.823189  4.053052  49.022472  54.381476  55.994994  58.147917   
07     60.0  57.494257  5.879343  47.341667  54.186667  56.177151  59.136875   
08     60.0  57.459978  4.988367  48.961789  54.518165  57.017089  59.179287   
09     60.0  57.518732  4.822068  48.932384  54.066042  57.655524  59.752716   
10     60.0  58.522455  5.227394  50.005833  54.515000  57.312917  61.985601   
11     60.0  58.094484  4.809679  49.436667  54.881667  57.427092  60.302500   
12     60.0  58.826844  4.859253  51.803005  55.259375  57.995000  60.936250   
13     60.0  58.104417  5.160871  51.618333  54.682067  57.387500  60.387589   
14     60.0  57.851660  5.628641  48.359167  54.717500  57.357917  59.896042   
15     61.0  57.666158  5.655092  46.678333  53.552500  56.715833  60.805000   
16     61.0  57.935825  5.574966  49.985000  54.208855  57.129167  60.995000   
17     61.0  57.898790  5.076916  49.831386  54.999167  56.508333  58.799833   
18     61.0  58.070951  4.919249  49.630833  54.932218  57.603333  60.187500   
19     61.0  57.768219  5.627651  48.372911  54.355000  56.795000  59.592500   
20     61.0  57.142962  5.258403  47.970000  54.313051  56.670000  59.136667   
21     61.0  57.606321  5.141321  46.740000  53.843333  57.135833  59.705833   
22     61.0  57.753931  5.475787  46.769167  54.125833  56.550582  59.564637   
23     61.0  56.323809  4.767385  46.660000  53.318296  55.759167  58.980801   

            max  
hist             
00    73.287740  
01    72.995000  
02    78.603333  
03    72.840833  
04    76.018333  
05    74.090833  
06    69.845833  
07    77.098415  
08    74.774812  
09    76.488333  
10    74.343096  
11    75.517098  
12    75.919099  
13    79.210833  
14    78.872394  
15    75.652134  
16    77.222686  
17    76.738912  
18    75.026667  
19    76.903091  
20    73.128655  
21    77.420217  
22    73.886572  
23    69.816361  

westus2
      count       mean        std        min        25%        50%        75%  \
hist                                                                            
00     60.0  73.597016   4.024505  65.275833  71.038364  73.044167  76.428119   
01     60.0  73.064871   3.597330  65.523333  70.483189  73.666771  75.473426   
02     60.0  72.636783   4.140427  64.250833  70.051458  72.629825  75.406773   
03     60.0  72.922020   4.446079  62.852814  70.031042  72.727500  75.051250   
04     60.0  71.965024   3.694234  64.610460  69.265428  71.945780  74.385000   
05     60.0  72.821264   5.014587  63.137900  68.661994  72.290286  76.767138   
06     60.0  73.227488   3.729734  66.426667  70.612917  72.722530  75.633199   
07     61.0  74.455425  11.466183  65.015833  70.429315  72.970000  75.998333   
08     61.0  73.173433   4.344410  63.553333  70.270677  72.770000  76.461153   
09     61.0  74.028480   4.016562  67.204167  70.904167  73.953255  76.557131   
10     61.0  72.130178   4.067170  64.156667  69.577500  71.924167  74.932500   
11     61.0  73.663564   3.737370  67.505000  70.688648  73.291379  75.367500   
12     61.0  73.835846   4.236948  66.422723  71.225000  73.707846  75.630217   
13     61.0  72.915594   4.312162  64.271893  70.039199  72.514190  75.359167   
14     61.0  73.280790   4.781705  64.447500  69.691667  72.979149  75.884167   
15     61.0  73.347848   4.235992  63.946488  70.366667  74.190476  76.019167   
16     61.0  72.477729   4.583909  62.735000  68.910610  72.241103  75.670559   
17     61.0  73.374002   4.678773  64.992228  69.990833  73.638796  76.033417   
18     60.0  72.506304   3.330327  63.641667  69.991247  72.339846  75.135951   
19     60.0  73.272529   3.738479  65.872500  71.139167  73.240259  74.957374   
20     60.0  72.684758   3.489427  65.651667  69.917500  72.783646  75.353933   
21     60.0  72.385967   3.451248  65.261667  70.116818  72.371766  74.614375   
22     60.0  72.696308   4.297830  60.496667  70.133418  72.796667  75.573603   
23     60.0  72.670961   3.574611  63.100167  70.900833  72.399167  75.012917   

             max  
hist              
00     85.005000  
01     81.158333  
02     82.645833  
03     87.048333  
04     79.394161  
05     88.084448  
06     81.537176  
07    157.544839  
08     81.853801  
09     84.410833  
10     82.559167  
11     82.724167  
12     85.292988  
13     84.682203  
14     85.410000  
15     81.390142  
16     85.157500  
17     86.464942  
18     79.227045  
19     86.809683  
20     79.492899  
21     80.339091  
22     81.406667  
23     82.728715  

