                          Count                                             
                          count      mean       std  min  25%  50%  75%  max
region                                                                      
asia-northeast1          2900.0  2.682759  0.496326  1.0  2.0  3.0  3.0  3.0
asia-south1              2901.0  1.000000  0.000000  1.0  1.0  1.0  1.0  1.0
australia-southeast1     2901.0  1.971044  0.167710  1.0  2.0  2.0  2.0  2.0
europe-west2             2901.0  1.255084  0.435984  1.0  1.0  1.0  2.0  2.0
europe-west3             2901.0  1.925198  0.263117  1.0  2.0  2.0  2.0  2.0
northamerica-northeast1  2901.0  1.000000  0.000000  1.0  1.0  1.0  1.0  1.0
southamerica-east1       2900.0  1.986207  0.116651  1.0  2.0  2.0  2.0  2.0
us-east4                 2901.0  1.895898  0.305446  1.0  2.0  2.0  2.0  2.0
us-west2                 2900.0  1.000000  0.000000  1.0  1.0  1.0  1.0  1.0
us-west4                 2900.0  1.000000  0.000000  1.0  1.0  1.0  1.0  1.0