                 Count                                             
                 count      mean       std  min  25%  50%  75%  max
region                                                             
ap-northeast-1  2895.0  1.013126  0.113834  1.0  1.0  1.0  1.0  2.0
ap-south-1      2894.0  1.038701  0.192914  1.0  1.0  1.0  1.0  2.0
ap-southeast-2  2896.0  1.027970  0.164914  1.0  1.0  1.0  1.0  2.0
ca-central-1    2897.0  1.066275  0.248806  1.0  1.0  1.0  1.0  2.0
eu-central-1    2895.0  1.008636  0.092542  1.0  1.0  1.0  1.0  2.0
eu-west-2       2893.0  1.001728  0.041544  1.0  1.0  1.0  1.0  2.0
sa-east-1       2893.0  1.018666  0.135365  1.0  1.0  1.0  1.0  2.0
us-east-1       2885.0  1.134835  0.341607  1.0  1.0  1.0  1.0  2.0
us-west-1       2893.0  1.081922  0.274293  1.0  1.0  1.0  1.0  2.0
us-west-2       2886.0  1.001386  0.037210  1.0  1.0  1.0  1.0  2.0