                     Count                                             
                     count      mean       std  min  25%  50%  75%  max
region                                                                 
australiaeast       2875.0  1.661565  0.608940  1.0  1.0  2.0  2.0  3.0
eastus              2871.0  1.935563  0.588827  1.0  2.0  2.0  2.0  3.0
germanywestcentral  2897.0  1.489472  0.516285  1.0  1.0  1.0  2.0  3.0
centralindia        2895.0  1.338515  0.476923  1.0  1.0  1.0  2.0  3.0
japaneast           2894.0  1.747754  0.595484  1.0  1.0  2.0  2.0  3.0
brazilsouth         2878.0  1.773454  0.614474  1.0  1.0  2.0  2.0  4.0
uksouth             2893.0  1.751469  0.608920  1.0  1.0  2.0  2.0  4.0
westus              2836.0  1.820522  0.594402  1.0  1.0  2.0  2.0  3.0
westus2             2896.0  1.194061  0.424198  1.0  1.0  1.0  1.0  3.0