                         counts                                              
                          count      mean       std  min  25%  50%  75%   max
provider region                                                              
AWS      ap-southeast-2  2896.0  5.999655  0.018582  5.0  6.0  6.0  6.0   6.0
         ca-central-1    2897.0  6.000000  0.000000  6.0  6.0  6.0  6.0   6.0
         us-east-1       2885.0  5.999653  0.018618  5.0  6.0  6.0  6.0   6.0
         eu-central-1    2895.0  6.000000  0.000000  6.0  6.0  6.0  6.0   6.0
         ap-south-1      2894.0  6.000000  0.000000  6.0  6.0  6.0  6.0   6.0
         ap-northeast-1  2895.0  6.000000  0.000000  6.0  6.0  6.0  6.0   6.0
         sa-east-1       2893.0  6.002074  0.111552  6.0  6.0  6.0  6.0  12.0
         eu-west-2       2893.0  6.000000  0.000000  6.0  6.0  6.0  6.0   6.0
         us-west-1       2893.0  6.000000  0.000000  6.0  6.0  6.0  6.0   6.0
         us-west-2       2886.0  6.000000  0.000000  6.0  6.0  6.0  6.0   6.0