                        roundTripTime                                  \
                                count        mean         std     min   
region                                                                  
asia-northeast1               17399.0  633.799150  369.351279  269.57   
asia-south1                   17401.0  615.774526  139.455052  389.76   
australia-southeast1          17405.0  581.054075  133.182384  310.06   
europe-west2                  17400.0  569.689539  183.804975  240.37   
europe-west3                  17403.0  558.867666  209.332936  302.77   
northamerica-northeast1       17400.0  523.531469   97.958448  312.19   
southamerica-east1            17397.0  562.168000  217.605624  273.50   
us-east4                      17403.0  541.604615  142.762218  302.48   
us-west2                      17400.0  559.457237  178.543294  210.82   
us-west4                      17400.0  520.184886  108.072549  263.57   

                                                                
                              25%      50%       75%       max  
region                                                          
asia-northeast1          520.3200  587.380  651.8850  12317.54  
asia-south1              558.5000  598.370  642.2400   5662.33  
australia-southeast1     510.1300  573.820  607.9200   3323.48  
europe-west2             499.0775  542.060  599.3000  10180.97  
europe-west3             486.4150  519.600  590.5450  11108.80  
northamerica-northeast1  485.2300  506.340  564.2675   2128.40  
southamerica-east1       495.1500  528.550  595.6300  12098.36  
us-east4                 478.8550  510.850  587.0650   3274.16  
us-west2                 497.8175  538.895  598.0600   9915.04  
us-west4                 481.2275  504.390  564.3725   2253.84  