                   roundTripTime                                             \
                           count         mean          std    min       25%   
region                                                                        
australiaeast            14768.0  1008.379382  1204.703312  80.86  126.4800   
brazilsouth              17152.0   951.567072  1222.900395  62.89  114.2600   
centralindia             17298.0   868.177017  1219.291970  60.40   99.9100   
eastus                   17105.0  1071.351122  1177.473857  83.49  137.6700   
germanywestcentral       17309.0   878.648783  1211.317182  63.89  104.5000   
japaneast                17294.0   995.219072  1212.433313  68.45  123.6000   
uksouth                  17303.0   876.367460  1165.706801  65.74  115.5950   
westus                   16504.0  1054.904246  1173.621737  81.87  138.0675   
westus2                  17229.0  1061.921723  1192.498274  81.15  135.1600   

                                                 
                        50%       75%       max  
region                                           
australiaeast       355.470  2307.490  13224.79  
brazilsouth         236.100  2288.240  15999.31  
centralindia        175.505  1257.170  15402.41  
eastus              478.220  2316.990  15985.11  
germanywestcentral  186.330  2272.190  14392.34  
japaneast           288.390  2307.525  12359.49  
uksouth             208.610  1259.235  13332.98  
westus              488.755  2306.865  12380.53  
westus2             452.280  2312.750  18005.04  