               roundTripTime                                                   \
                       count        mean       std     min       25%      50%   
region                                                                          
ap-southeast-2        8694.0  111.327174  5.042756  102.44  106.9500  111.510   
ca-central-1          8704.0  102.574235  4.462500   95.67   98.8200  101.940   
us-east-1             8664.0  113.029374  5.753005  102.46  107.8675  113.730   
eu-central-1          8686.0  108.113697  5.109304   99.92  103.5925  107.795   
ap-south-1            8687.0  109.679497  5.518710  100.45  104.7100  109.700   
ap-northeast-1        8688.0  111.854782  4.896096  103.46  107.6375  111.850   
sa-east-1             8683.0  112.091508  4.947558  103.46  107.8150  112.160   
eu-west-2             8687.0   95.431948  3.149380   89.45   92.8700   95.450   
us-west-1             8684.0  111.527312  5.173451  102.77  106.9900  111.500   
us-west-2             8661.0  113.853403  5.143505  104.87  109.5200  113.880   

                                 
                    75%     max  
region                           
ap-southeast-2  115.700  119.88  
ca-central-1    106.050  111.93  
us-east-1       118.370  121.57  
eu-central-1    112.520  117.37  
ap-south-1      114.490  119.12  
ap-northeast-1  116.070  120.49  
sa-east-1       116.320  120.95  
eu-west-2        98.025  101.23  
us-west-1       116.000  120.68  
us-west-2       118.170  123.12  