      count       mean       std        min        25%        50%        75%  \
hist                                                                           
1      90.0  69.278717  2.153750  64.816354  67.867726  69.439667  70.915503   
2      90.0  69.460141  2.204292  64.782188  68.005964  69.824062  70.810955   
3      90.0  69.203751  2.004011  65.273993  67.871090  69.374844  70.439948   
4      90.0  68.982971  2.202284  64.166944  67.255425  69.058889  70.470972   
5      85.0  68.890963  2.220355  64.439826  67.301076  68.943333  70.310278   
6      80.0  68.797017  2.137462  64.125313  67.475347  68.925747  70.248481   
7      85.0  68.763981  2.080695  64.677326  67.193111  69.171389  70.028924   

            max  
hist             
1     73.948333  
2     73.732951  
3     73.949132  
4     75.147431  
5     74.685903  
6     73.031458  
7     73.299514  