      count       mean        std        min        25%        50%        75%  \
hist                                                                            
00    545.0  62.282254  10.315223  43.253968  52.575000  62.859167  71.410000   
01    545.0  62.456747  10.323560  42.774979  52.937500  63.032500  72.121667   
02    544.0  62.211430  10.100237  42.762500  53.021527  63.098042  71.311231   
03    543.0  62.555905  10.091294  41.909925  53.910967  62.982500  71.704624   
04    543.0  62.302089  10.076405  41.441667  53.547917  63.902500  71.424930   
05    543.0  62.396915  10.331085  41.972500  53.013333  62.859167  71.390998   
06    542.0  62.319701  10.355733  42.299167  53.279375  62.304171  71.778542   
07    544.0  63.169542  11.034364  42.952500  53.712083  64.632083  72.407940   
08    544.0  62.907552  10.249209  44.175000  53.721250  63.860000  72.015656   
09    544.0  63.180657  10.504071  41.992494  53.321458  64.120000  72.596952   
10    544.0  63.390788  10.068323  41.652988  54.607708  64.190000  72.658958   
11    544.0  63.529194  10.901144  42.206897  54.290625  64.616336  72.425710   
12    544.0  64.160892  11.450352  42.578333  55.169375  65.300000  72.734628   
13    544.0  63.468350  10.168799  43.879498  54.842442  64.281325  71.846795   
14    544.0  63.493670  10.187736  44.205000  53.730308  64.751250  72.173196   
15    545.0  63.300114  10.155961  42.916597  53.980833  64.750833  72.538782   
16    546.0  63.516621  10.287371  43.283333  54.449583  64.897083  72.540374   
17    546.0  63.344298  10.054571  43.774167  54.528052  64.514926  72.163525   
18    544.0  62.994769  10.153065  41.883272  54.456667  64.039967  72.145375   
19    545.0  63.022500  10.115706  43.032500  54.014167  63.284014  72.314991   
20    545.0  62.772504  11.025308  44.500000  53.197500  63.631902  71.659912   
21    544.0  62.649023   9.906869  42.376667  53.731875  63.745000  71.550000   
22    543.0  62.655531   9.922453  43.166205  53.807917  63.092500  71.503750   
23    544.0  62.506301  10.226072  40.963211  53.269763  63.322357  71.974267   

             max  
hist              
00     85.005000  
01     81.920000  
02     82.645833  
03     87.048333  
04     83.523973  
05     88.084448  
06     83.130833  
07    157.544839  
08     82.145256  
09     88.468333  
10     82.672227  
11    156.058333  
12    182.928333  
13    115.412500  
14     91.907500  
15     81.390142  
16     92.866429  
17     86.464942  
18     85.241667  
19     86.809683  
20    168.817500  
21     82.208017  
22     86.492795  
23     82.728715  