      count       mean       std        min        25%        50%        75%  \
hist                                                                           
1      81.0  63.073662  9.562333  48.265979  55.212432  66.690425  72.729123   
2      81.0  62.999323  9.572258  48.301715  55.106188  66.660509  72.727584   
3      81.0  62.922502  9.582271  48.267557  54.989361  66.649290  72.716774   
4      81.0  62.827017  9.603995  48.050978  54.813060  66.656299  72.708631   
5      77.0  62.383385  9.647350  47.334667  54.584566  60.791124  72.605626   
6      72.0  62.888885  9.548010  48.217076  55.162093  64.790006  72.820348   
7      76.0  63.202614  9.474899  48.237581  55.611320  65.554343  72.805758   

            max  
hist             
1     74.518921  
2     74.444721  
3     74.501872  
4     74.698464  
5     74.102347  
6     74.192864  
7     74.493966  