      count       mean       std        min        25%        50%        75%  \
hist                                                                           
00    545.0  62.717590  9.593046  47.091800  54.797828  65.162830  72.405317   
01    545.0  62.712917  9.595582  47.118037  54.824304  65.187248  72.429290   
02    544.0  62.724035  9.599785  47.152908  54.844399  65.195135  72.450660   
03    543.0  62.745043  9.592247  47.195235  54.861334  65.225176  72.434684   
04    543.0  62.740205  9.594750  47.242773  54.848663  65.239724  72.432477   
05    543.0  62.735328  9.597322  47.293457  54.833474  65.038756  72.428241   
06    542.0  62.758489  9.586583  47.345496  54.892145  65.130007  72.401045   
07    544.0  62.779253  9.580775  47.396993  54.891084  65.469122  72.366909   
08    544.0  62.774714  9.583489  47.445460  54.856470  65.448079  72.379504   
09    544.0  62.770234  9.586163  47.489155  54.834328  65.393177  72.356754   
10    544.0  62.798956  9.586046  47.434145  54.901722  65.440166  72.294758   
11    544.0  62.785883  9.585170  47.368891  54.916373  65.332083  72.306646   
12    544.0  62.781897  9.587658  47.309112  54.936494  65.285406  72.258358   
13    544.0  62.777873  9.590086  47.255710  54.941380  65.278353  72.280240   
14    544.0  62.773824  9.592501  47.209616  54.929225  65.274366  72.294933   
15    545.0  62.780113  9.589169  47.170852  54.921007  65.314060  72.305871   
16    546.0  62.777704  9.583027  47.138889  54.883455  65.383493  72.330242   
17    546.0  62.773244  9.585607  47.113133  54.868226  65.511685  72.390772   
18    544.0  62.730432  9.582984  47.093174  54.832755  65.262611  72.379596   
19    545.0  62.723046  9.576777  47.078735  54.777120  65.113965  72.352897   
20    545.0  62.718282  9.579244  47.069434  54.791386  65.015264  72.422714   
21    544.0  62.697378  9.582999  47.065010  54.794282  64.956916  72.419500   
22    543.0  62.698142  9.593641  47.066455  54.773740  64.950237  72.440041   
23    544.0  62.705550  9.591444  47.074944  54.779303  65.024720  72.412580   

            max  
hist             
00    75.933299  
01    75.917260  
02    75.925298  
03    75.978405  
04    76.025355  
05    76.067033  
06    76.104277  
07    76.137764  
08    76.166976  
09    76.190634  
10    76.207543  
11    76.217486  
12    76.220167  
13    76.215677  
14    76.203873  
15    76.185311  
16    76.160667  
17    76.168459  
18    76.098736  
19    76.065579  
20    76.033606  
21    76.003742  
22    75.976369  
23    75.952651  