      count      mean       std        min       25%       50%       75%  \
hist                                                                       
00    545.0 -0.526362  1.878072  -5.643085 -1.699204 -0.579270  0.768651   
01    545.0 -0.191724  1.847611  -8.957841 -1.396296 -0.195531  0.908037   
02    544.0 -0.387064  1.857542  -6.889016 -1.553816 -0.582270  0.664722   
03    543.0 -0.344865  1.884729  -9.137852 -1.364639 -0.309609  0.837321   
04    543.0 -0.673897  1.844519  -5.945394 -1.897779 -0.675907  0.545245   
05    543.0 -0.458692  1.822760  -5.941401 -1.643622 -0.478535  0.735649   
06    542.0 -0.482314  1.884448  -5.364434 -1.648993 -0.498318  0.772703   
07    544.0  0.053824  1.701955  -4.365827 -1.081835  0.130128  1.145562   
08    544.0 -0.147143  1.979820  -6.277743 -1.475676 -0.260442  1.051193   
09    544.0  0.103034  1.818143  -5.115991 -1.031708  0.227206  1.314599   
10    544.0  0.500835  1.983191  -4.624481 -0.802350  0.314027  1.686794   
11    544.0  0.365197  1.815306 -10.377005 -0.696836  0.473064  1.574108   
12    544.0  0.626243  2.000755  -6.385152 -0.583489  0.602884  1.737281   
13    544.0  0.254844  1.868285  -4.418787 -0.882121  0.284650  1.381325   
14    544.0  0.446456  2.092026 -11.507609 -0.801837  0.497428  1.700586   
15    545.0  0.382415  2.025018  -6.908301 -0.933039  0.358501  1.611823   
16    546.0  0.359020  2.096381  -5.708895 -1.107023  0.302323  1.717383   
17    546.0  0.299764  2.081097  -5.906053 -0.992178  0.117524  1.475554   
18    544.0  0.010167  2.079917  -6.847221 -1.355413 -0.000755  1.353132   
19    545.0  0.277189  1.766073  -5.164120 -0.921857  0.291865  1.346055   
20    545.0  0.275301  6.235933  -5.412257 -1.352144 -0.187818  0.887281   
21    544.0 -0.272729  1.695142  -6.640675 -1.369882 -0.150127  0.775728   
22    543.0 -0.137458  1.924995  -6.766066 -1.373126 -0.169376  1.029103   
23    544.0 -0.408899  1.868549  -6.222754 -1.590167 -0.334333  0.656226   

            max  
hist             
00     6.483166  
01     6.171643  
02     6.208578  
03     4.771066  
04     5.075904  
05     6.387886  
06     4.468756  
07     7.231956  
08     7.393733  
09     4.776401  
10     7.075960  
11     4.758707  
12     7.595221  
13    10.323667  
14     6.635454  
15    10.927935  
16     6.743760  
17    12.223109  
18     5.765948  
19     6.192694  
20    92.241803  
21     5.222359  
22     5.141028  
23     8.859658  