      count        mean        std         min         25%         50%  \
hist                                                                     
1      90.0  487.854670  40.924362  393.501354  460.983910  485.175193   
2      90.0  487.626708  47.615439  288.633264  463.249184  487.294844   
3      90.0  481.278217  50.598541  276.411493  457.318472  481.366040   
4      90.0  475.993063  52.389420  270.238403  456.577804  480.633872   
5      85.0  478.429250  48.366298  298.340668  459.163576  480.923437   
6      80.0  477.311035  36.779790  408.576875  452.430268  475.196302   
7      85.0  476.870903  35.802824  408.055451  451.224583  473.349236   

             75%         max  
hist                          
1     506.717216  604.469669  
2     512.995617  598.847824  
3     510.206292  603.268368  
4     500.015965  567.257465  
5     498.250330  595.134280  
6     492.411837  633.716131  
7     494.899097  594.252578  