      count        mean        std         min         25%         50%  \
hist                                                                     
1      90.0  480.431844  41.998466  345.430082  456.177990  481.418912   
2      90.0  478.406008  43.411484  324.920843  455.529859  478.059562   
3      90.0  476.232064  45.133429  304.145361  453.934734  476.881066   
4      90.0  473.990504  47.224062  283.134867  452.927420  476.490192   
5      85.0  477.048640  40.411807  360.777695  455.059598  477.772013   
6      80.0  479.137056  37.618981  376.272874  457.541477  478.550167   
7      85.0  479.327990  39.007998  361.845663  456.529135  479.096337   

             75%         max  
hist                          
1     501.445467  573.385283  
2     499.635053  570.186691  
3     499.503562  566.011044  
4     497.757001  566.797874  
5     498.585273  570.192125  
6     498.047565  572.970912  
7     499.208376  575.038577  