      count      mean       std       min       25%       50%       75%  \
hist                                                                      
1      81.0 -0.030671  1.058860 -1.954184 -0.433767 -0.169763  0.232019   
2      81.0  0.242896  0.494773 -0.955949 -0.049568  0.262866  0.499395   
3      81.0  0.316193  0.735189 -1.915419 -0.130265  0.298717  0.692809   
4      81.0  0.371888  0.991115 -3.476946 -0.151418  0.417150  0.886289   
5      77.0  0.149262  0.659637 -2.159208 -0.121518  0.182798  0.451988   
6      72.0 -0.538041  0.596603 -2.099187 -0.997705 -0.473908 -0.095695   
7      76.0 -0.454593  0.797960 -2.975959 -0.782614 -0.508078  0.000225   

           max  
hist            
1     6.150122  
2     1.758737  
3     3.009269  
4     2.842262  
5     2.204430  
6     0.406686  
7     1.573647  