      count        mean        std         min         25%         50%  \
hist                                                                     
00    605.0  480.230030  43.088767  274.371933  455.915882  480.175083   
01    605.0  480.127475  43.197862  273.794395  455.711078  480.289527   
02    604.0  480.332786  42.664009  273.218466  455.621308  480.257359   
03    603.0  480.258776  42.812142  272.645048  455.650711  480.009088   
04    603.0  480.149468  42.941885  272.074849  455.784018  479.894926   
05    603.0  480.040176  43.080508  271.508369  455.942192  480.194329   
06    602.0  479.964967  43.254297  270.945812  455.899730  480.375915   
07    604.0  480.011285  43.420509  270.387292  456.097356  480.368344   
08    604.0  479.907836  43.559640  269.832854  456.127289  480.410562   
09    604.0  479.806519  43.687359  269.282260  456.226586  480.301611   
10    605.0  480.059592  43.385781  268.735061  456.384235  480.703037   
11    605.0  480.269609  42.900187  268.190719  456.456372  480.646471   
12    605.0  480.171516  42.989218  267.648703  456.124702  480.616266   
13    605.0  480.072022  43.074057  267.108534  456.251241  480.351187   
14    605.0  479.971174  43.156872  266.569759  456.646618  480.227767   
15    606.0  480.002533  43.328545  266.031980  456.816907  480.176087   
16    607.0  479.987055  43.433065  265.494931  456.372937  479.916419   
17    607.0  479.890137  43.532393  264.958476  456.317844  479.775102   
18    605.0  480.141703  42.996257  264.422578  456.173450  479.422799   
19    606.0  480.153916  43.162086  263.887236  455.948579  479.485863   
20    606.0  480.059418  43.285300  263.352383  455.805699  479.275167   
21    604.0  480.000164  43.473023  262.817838  455.835665  479.214402   
22    603.0  480.268775  42.712320  275.527234  456.033497  479.700720   
23    604.0  480.355316  43.013125  274.949990  455.891048  480.133108   

             75%         max  
hist                          
00    500.800466  615.937913  
01    500.808471  615.442127  
02    501.156286  618.130387  
03    501.226252  620.425236  
04    501.208664  622.359133  
05    501.012144  623.983956  
06    501.394685  625.313400  
07    501.335663  626.365089  
08    501.262423  627.128770  
09    501.039333  627.593195  
10    500.893895  627.763210  
11    500.497278  627.667158  
12    500.263117  627.363800  
13    500.366728  626.925481  
14    500.375090  626.364144  
15    500.238119  625.677913  
16    500.478919  624.872873  
17    500.387226  623.961664  
18    500.401611  622.967570  
19    500.329859  621.919943  
20    500.449069  620.822687  
21    500.578797  619.675407  
22    500.689770  618.478634  
23    500.976019  617.232621  