      count       mean       std        min        25%        50%        75%  \
hist                                                                           
00    605.0  68.944887  2.131105  63.634380  67.353935  69.173317  70.340386   
01    605.0  68.942597  2.132058  63.609113  67.330106  69.162142  70.348135   
02    604.0  68.945031  2.131638  63.591326  67.354472  69.163248  70.336814   
03    603.0  68.944470  2.134018  63.579816  67.332518  69.186738  70.337735   
04    603.0  68.942060  2.135146  63.573418  67.328721  69.188856  70.331168   
05    603.0  68.939568  2.136320  63.572398  67.327563  69.198469  70.335094   
06    602.0  68.941919  2.135837  63.577949  67.323818  69.231141  70.362268   
07    604.0  68.942313  2.134276  63.590043  67.328656  69.251560  70.368168   
08    604.0  68.940015  2.135001  63.607796  67.366189  69.239049  70.376587   
09    604.0  68.937693  2.135676  63.630529  67.385895  69.244865  70.367543   
10    605.0  68.940810  2.135015  63.608296  67.387735  69.232137  70.362324   
11    605.0  68.940419  2.133482  63.492328  67.389476  69.244207  70.384950   
12    605.0  68.938331  2.133765  63.376884  67.377381  69.248312  70.402735   
13    605.0  68.936198  2.134120  63.261975  67.361833  69.232878  70.415159   
14    605.0  68.934018  2.134615  63.147608  67.373244  69.203742  70.415285   
15    606.0  68.930526  2.133735  63.033819  67.347415  69.188121  70.398865   
16    607.0  68.928145  2.132874  62.920653  67.332479  69.170860  70.382135   
17    607.0  68.925767  2.134018  62.808153  67.331278  69.172851  70.351244   
18    605.0  68.930788  2.133141  62.696353  67.335764  69.176537  70.347592   
19    606.0  68.934619  2.137972  62.585291  67.319783  69.167407  70.379181   
20    606.0  68.932267  2.139369  62.474978  67.342872  69.161850  70.387317   
21    604.0  68.936529  2.125163  63.758412  67.360664  69.159089  70.402598   
22    603.0  68.940875  2.121666  63.709034  67.362347  69.179821  70.385303   
23    604.0  68.938306  2.120838  63.667720  67.316263  69.187232  70.354909   

            max  
hist             
00    74.697813  
01    74.669629  
02    74.642375  
03    74.616205  
04    74.591059  
05    74.567109  
06    74.544134  
07    74.520980  
08    74.495321  
09    74.464443  
10    74.472343  
11    74.542253  
12    74.606680  
13    74.663663  
14    74.711238  
15    74.747927  
16    74.773962  
17    74.790269  
18    74.797610  
19    74.796695  
20    74.788347  
21    74.772842  
22    74.751198  
23    74.725535  