      count        mean        std         min         25%         50%  \
hist                                                                     
00    605.0  479.390231  52.665668  273.350000  451.240833  475.210000   
01    605.0  471.026253  44.110565  262.437500  449.766667  469.181667   
02    604.0  468.242714  40.985001  268.404504  447.174792  467.034583   
03    603.0  465.934608  41.365054  254.628333  444.170833  465.538333   
04    603.0  466.951738  43.845416  260.039167  443.470833  465.514167   
05    603.0  465.546422  42.272884  260.070000  442.218750  464.483333   
06    602.0  470.067029  43.454173  266.274167  445.938125  469.521667   
07    604.0  473.479601  47.488637  253.853333  446.369167  470.822590   
08    604.0  478.474608  48.112376  268.968333  451.168333  477.990000   
09    604.0  484.087661  49.854232  265.086667  455.586250  482.115000   
10    605.0  491.055391  50.940799  271.661667  460.565000  488.047500   
11    605.0  491.747026  51.331189  276.089167  461.076667  488.816667   
12    605.0  495.948086  62.052779  272.653333  463.039167  490.581667   
13    605.0  491.174303  54.818725  267.639167  459.422500  485.935000   
14    605.0  489.696298  48.714926  267.347500  458.911667  487.985000   
15    606.0  490.361756  53.531167  263.940833  458.481667  487.157083   
16    607.0  493.690091  59.922727  274.677500  459.815833  486.850833   
17    607.0  492.920082  54.750889  265.646667  463.138333  489.310833   
18    605.0  488.523231  51.371070  274.347500  459.667500  484.534167   
19    606.0  483.595260  49.722338  273.653333  455.483958  481.067500   
20    606.0  485.352877  50.440169  262.185000  457.990208  482.438750   
21    604.0  483.250541  50.305531  261.620000  455.306875  480.973333   
22    603.0  481.063299  46.947209  267.464167  454.979167  480.232500   
23    604.0  476.564875  44.859243  270.036667  452.087292  477.184583   

             75%         max  
hist                          
00    501.664167  729.874895  
01    496.042500  750.976608  
02    490.582708  609.557500  
03    488.407500  652.301667  
04    490.071667  625.271285  
05    490.954583  617.055833  
06    493.786042  670.655000  
07    498.041042  666.590000  
08    501.930417  742.726667  
09    509.197917  686.921667  
10    517.612500  668.019167  
11    517.103333  739.746667  
12    516.906667  968.937343  
13    514.691667  772.606667  
14    515.122500  638.028333  
15    517.452500  839.983221  
16    518.462500  888.545000  
17    517.637917  856.527106  
18    513.175000  719.369475  
19    507.877708  715.779167  
20    510.524167  697.450833  
21    506.652917  720.008333  
22    506.665833  654.754167  
23    497.821667  681.047500  