      count       mean       std        min        25%        50%        75%  \
hist                                                                           
00    605.0  68.869594  3.770004  59.709167  66.074167  68.586667  71.292500   
01    605.0  68.415977  3.395552  60.840000  66.014167  68.116667  70.455833   
02    604.0  68.396398  3.352470  60.595833  65.944792  68.165417  70.592083   
03    603.0  68.208918  3.370358  60.031667  65.893750  68.129167  70.258750   
04    603.0  68.190781  3.439442  60.275000  65.644167  67.920000  70.583333   
05    603.0  68.187881  3.269460  59.695000  65.820417  68.103333  70.332500   
06    602.0  68.442173  3.231559  60.197500  65.986458  68.372917  70.515417   
07    604.0  68.702203  3.787628  60.748333  65.925208  68.420833  70.960417   
08    604.0  68.806462  3.552679  60.955833  66.044167  68.505833  71.246667   
09    604.0  69.286305  3.561173  60.422500  66.685208  69.221250  71.727292   
10    605.0  69.536626  3.452628  60.135000  67.025833  69.250833  71.735000   
11    605.0  69.698177  3.643700  61.658333  67.006667  69.471667  71.951667   
12    605.0  69.673136  3.617350  61.406667  66.996667  69.428333  72.138333   
13    605.0  69.771554  3.583688  60.520000  67.374167  69.568333  71.844167   
14    605.0  69.678811  3.497063  61.635833  67.262500  69.387500  71.780000   
15    606.0  69.655835  3.611462  61.735833  67.086875  69.533333  72.018333   
16    607.0  69.660832  3.386593  60.980833  67.183750  69.540833  71.858750   
17    607.0  69.534837  3.596257  61.142500  66.930000  69.383333  71.992083   
18    605.0  69.425590  3.555868  60.499167  66.770000  69.105000  71.726667   
19    606.0  69.379814  3.965068  61.234167  66.683542  69.125417  71.612917   
20    606.0  69.360022  3.467490  61.041667  66.837083  69.336250  71.783750   
21    604.0  69.096435  3.435406  62.240000  66.740625  68.886667  71.108542   
22    603.0  69.114617  3.479477  61.595833  66.527917  68.836667  71.489167   
23    604.0  68.752430  3.418507  61.475833  66.378125  68.355417  70.893958   

             max  
hist              
00     91.396667  
01     80.000000  
02     80.878333  
03     88.283333  
04     86.111667  
05     83.244167  
06     82.139167  
07     98.866667  
08     79.721667  
09     78.687500  
10     80.685833  
11     82.292500  
12     91.606667  
13     83.050000  
14     85.381667  
15     85.023333  
16     83.275833  
17     84.313333  
18     81.600000  
19    117.680000  
20     82.315833  
21     83.935000  
22     79.994167  
23     83.452500  