      count       mean       std        min        25%        50%        75%  \
hist                                                                           
1      90.0  69.145801  1.941612  65.116002  67.899830  69.454529  70.209550   
2      90.0  69.114176  1.920049  65.066614  67.876058  69.426691  70.215644   
3      90.0  69.081949  1.900223  65.029771  67.905120  69.464080  70.148800   
4      90.0  69.051845  1.880415  65.009242  67.907035  69.352643  70.166496   
5      85.0  69.069733  1.856543  65.042323  67.935611  69.348228  70.178085   
6      80.0  69.001622  1.871165  65.085939  67.849338  69.327089  70.201116   
7      85.0  69.082598  1.903920  65.136671  67.873799  69.471695  70.220823   

            max  
hist             
1     74.066911  
2     73.955974  
3     73.839196  
4     73.715086  
5     73.582307  
6     73.439551  
7     73.287538  