      count      mean       std       min       25%       50%       75%  \
hist                                                                      
00    605.0 -0.267891  1.566659 -4.907973 -1.402933 -0.447541  0.694663   
01    605.0 -0.669214  1.405845 -4.342798 -1.641243 -0.773896  0.234856   
02    604.0 -0.623549  1.422323 -5.630103 -1.462035 -0.623821  0.191475   
03    603.0 -0.772075  1.436452 -5.963413 -1.671913 -0.834706  0.293810   
04    603.0 -0.796901  1.709393 -4.981948 -2.009517 -0.865152  0.271179   
05    603.0 -0.866315  1.342386 -6.591446 -1.694966 -0.878116 -0.036006   
06    602.0 -0.561274  1.319846 -4.974810 -1.301046 -0.541540  0.277436   
07    604.0 -0.278124  1.548826 -4.154385 -1.371744 -0.421974  0.614827   
08    604.0 -0.241748  1.378075 -4.236871 -1.155945 -0.260908  0.597053   
09    604.0  0.149061  1.530187 -4.241086 -0.846861  0.131076  1.149833   
10    605.0  0.443174  1.432498 -5.270144 -0.506503  0.397019  1.359574   
11    605.0  0.537198  1.420660 -3.308961 -0.364947  0.488453  1.438155   
12    605.0  0.619606  1.509733 -3.753711 -0.402395  0.642844  1.680017   
13    605.0  0.607027  1.535704 -4.328816 -0.347981  0.571248  1.568210   
14    605.0  0.661360  1.485500 -4.249948 -0.397821  0.561744  1.522047   
15    606.0  0.486322  1.463304 -3.822013 -0.528208  0.390569  1.576689   
16    607.0  0.627102  1.445058 -4.216009 -0.315409  0.614393  1.535923   
17    607.0  0.364318  1.409154 -4.208572 -0.609324  0.360707  1.291271   
18    605.0  0.378760  1.486336 -4.155692 -0.605682  0.260926  1.323847   
19    606.0  0.322414  1.474942 -4.501371 -0.673374  0.324813  1.198434   
20    606.0  0.293365  1.413673 -3.274543 -0.698065  0.234854  1.294489   
21    604.0  0.035232  1.532235 -3.902919 -0.880530  0.018579  0.903584   
22    603.0  0.005994  1.427875 -4.056769 -0.908696  0.030522  0.918620   
23    604.0 -0.437997  1.560734 -9.788841 -1.414318 -0.550167  0.429084   

            max  
hist             
00     5.570089  
01     4.115186  
02     3.019592  
03     3.579448  
04     5.262842  
05     3.930096  
06     4.337456  
07     5.219044  
08     3.751459  
09     5.304086  
10     5.372328  
11     5.373300  
12     6.783042  
13    11.043989  
14     8.570593  
15     4.538925  
16     6.090014  
17     5.486912  
18     5.149865  
19     7.356585  
20     5.033109  
21     6.833274  
22     5.342133  
23     4.332624  