      count      mean       std       min       25%       50%       75%  \
hist                                                                      
1      90.0  0.229514  0.766818 -0.922973 -0.192226 -0.038251  0.346957   
2      90.0  0.352699  0.746611 -2.190011 -0.051670  0.252457  0.797141   
3      90.0  0.113252  0.532781 -1.244243 -0.146966  0.213947  0.440119   
4      90.0 -0.085363  0.790952 -3.076166 -0.235792  0.110478  0.361626   
5      85.0 -0.269031  0.878040 -3.301390 -0.684866  0.017294  0.273607   
6      80.0 -0.280936  0.699789 -2.138158 -0.598459 -0.291843  0.046013   
7      85.0 -0.263175  0.752444 -1.961924 -0.684618 -0.356155  0.037104   

           max  
hist            
1     3.697363  
2     2.361352  
3     1.750515  
4     1.304814  
5     1.042673  
6     1.972567  
7     2.213956  