      count       mean       std        min        25%        50%        75%  \
hist                                                                           
1      81.0  63.376800  9.617228  47.997813  55.640418  67.289220  72.584631   
2      81.0  63.181105  9.551480  47.638196  54.797321  66.135669  72.783458   
3      81.0  63.101614  9.655876  47.533189  55.369052  64.390249  72.877454   
4      81.0  63.162097  9.681472  47.981431  55.222016  66.368600  72.894476   
5      77.0  62.632669  9.796197  47.316385  54.525280  59.194381  73.036860   
6      72.0  62.363576  9.328478  48.681001  54.663112  61.226991  71.594369   
7      76.0  62.597634  9.530325  47.622951  54.637890  65.782057  71.984244   

            max  
hist             
1     78.359017  
2     75.537969  
3     76.193272  
4     75.402645  
5     76.035163  
6     75.716540  
7     74.700195  