      count       mean        std        min        25%        50%        75%  \
hist                                                                            
00    605.0  -2.035104  15.091451 -30.751981 -10.520522  -3.117109   2.996945   
01    605.0 -10.323886  12.409615 -58.613052 -17.498164  -9.419689  -2.145038   
02    604.0 -12.337782  14.455763 -71.072567 -20.011850 -10.286150  -2.369638   
03    603.0 -14.984108  14.232151 -58.615043 -24.118172 -12.375715  -5.013610   
04    603.0 -13.165622  16.006181 -72.263668 -18.975496  -9.141214  -2.906371   
05    603.0 -15.705497  16.146051 -68.050260 -24.383829 -12.984674  -4.096991   
06    602.0 -10.726743  14.018722 -68.453702 -18.094347  -7.733201  -1.668088   
07    604.0  -8.055100  13.987656 -57.324837 -15.088054  -7.413564  -0.602511   
08    604.0  -2.721907  12.336070 -40.151709  -7.992023  -1.485121   4.435899   
09    604.0   2.349405   9.822069 -38.312766  -3.368331   1.061821   7.154723   
10    605.0   9.121728  12.280843 -31.761499   1.100394   7.787378  15.619919   
11    605.0   9.605728  11.251055 -19.982729   1.534781   8.220571  17.173731   
12    605.0  14.680654  26.556021 -14.645354   4.164467  10.725534  17.209537   
13    605.0   9.166210  17.077716 -42.162203   0.046783   7.014039  15.425260   
14    605.0   7.315356  12.772070 -51.574625  -0.360872   6.477419  14.499616   
15    606.0   5.917343  11.714270 -32.690102  -1.086333   6.000657  13.116839   
16    607.0  10.012440  16.566438 -47.476933   0.804651   7.673658  16.270971   
17    607.0   9.918260  11.582137 -39.281760   2.342081   9.171516  15.554029   
18    605.0   6.499905  11.632903 -35.316991  -0.357735   5.606602  12.100554   
19    606.0   2.333763   9.505313 -50.499867  -3.421203   1.559371   7.391434   
20    606.0   3.935419  11.562768 -36.834805  -3.210514   2.314322   9.293473   
21    604.0   1.565194  10.607388 -39.271826  -5.107542   0.544113   6.388912   
22    603.0   0.394342  10.042136 -32.130500  -5.991817  -0.102854   6.527284   
23    604.0  -4.017326   8.646683 -35.667688  -8.763808  -3.865878   1.130851   

             max  
hist              
00    115.052003  
01     46.020842  
02     27.991691  
03     50.148012  
04     21.618126  
05     40.865976  
06     30.610643  
07     29.424125  
08     44.908621  
09     39.088652  
10     49.768618  
11     53.097543  
12    270.777788  
13    100.319584  
14     50.593979  
15     58.959986  
16    105.691802  
17     48.699725  
18     90.234518  
19     42.950439  
20     59.553954  
21     41.890898  
22     41.003725  
23     43.820891  