      count      mean        std        min        25%       50%       75%  \
hist                                                                         
1      90.0  2.787662  11.169205 -22.770108  -2.683739  1.109510  5.274518   
2      90.0  7.011369  19.147186 -32.988249   0.606525  4.638873  6.929375   
3      90.0  0.782771   6.536390 -20.658493  -2.219316  0.931179  4.754150   
4      90.0 -0.568263  12.140665 -65.956864  -2.493630  1.987982  5.510007   
5      85.0 -2.045475  14.555020 -66.971439  -3.389374  0.748691  3.640392   
6      80.0 -3.299294  12.764064 -23.852367  -9.358692 -5.249243 -2.128825   
7      85.0 -6.398964   7.064931 -22.134978 -10.221185 -5.821061 -2.908530   

             max  
hist              
1      42.512985  
2     104.927422  
3      23.335846  
4      16.121255  
5      22.382167  
6      52.327742  
7      14.689255  